>GASYKGCTSAAG	1-GASYKGCTSAAG	8.688967	-18.732129	0	T:4.0(16.67%),B:2.0(0.09%),P:1e-8	Tpos:62.5,Tstd:25.1,Bpos:10.5,Bstd:4.5,StrandBias:1.6,Multiplicity:1.00
0.032	0.001	0.966	0.001
0.997	0.001	0.001	0.001
0.001	0.549	0.449	0.001
0.001	0.549	0.001	0.449
0.001	0.001	0.449	0.549
0.001	0.001	0.966	0.032
0.001	0.997	0.001	0.001
0.001	0.001	0.001	0.997
0.001	0.449	0.549	0.001
0.933	0.001	0.065	0.001
0.997	0.001	0.001	0.001
0.001	0.065	0.933	0.001
>WTAWAAGRAAAA	2-WTAWAAGRAAAA	12.489679	-15.465228	0	T:3.0(12.50%),B:0.0(0.00%),P:1e-6	Tpos:40.0,Tstd:22.6,Bpos:0.0,Bstd:0.0,StrandBias:-1.0,Multiplicity:1.00
0.450	0.099	0.001	0.450
0.001	0.001	0.001	0.997
0.900	0.001	0.001	0.098
0.549	0.001	0.001	0.449
0.997	0.001	0.001	0.001
0.997	0.001	0.001	0.001
0.098	0.001	0.900	0.001
0.449	0.001	0.549	0.001
0.997	0.001	0.001	0.001
0.997	0.001	0.001	0.001
0.997	0.001	0.001	0.001
0.997	0.001	0.001	0.001
>STTASTCAAYCT	3-STTASTCAAYCT	7.576708	-13.524856	0	T:7.0(29.17%),B:54.0(2.47%),P:1e-5	Tpos:44.0,Tstd:12.2,Bpos:47.3,Bstd:24.6,StrandBias:10.0,Multiplicity:1.14
0.192	0.383	0.234	0.192
0.205	0.001	0.014	0.780
0.001	0.001	0.205	0.793
0.617	0.001	0.191	0.191
0.001	0.383	0.425	0.191
0.001	0.001	0.191	0.807
0.191	0.807	0.001	0.001
0.997	0.001	0.001	0.001
0.602	0.014	0.383	0.001
0.001	0.425	0.191	0.383
0.001	0.617	0.191	0.191
0.001	0.001	0.001	0.997
>GCCAGATCCCCC	4-GCCAGATCCCCC	10.770948	-13.392987	0	T:3.0(12.50%),B:2.0(0.09%),P:1e-5	Tpos:61.3,Tstd:30.7,Bpos:52.5,Bstd:9.5,StrandBias:1.0,Multiplicity:1.00
0.001	0.001	0.997	0.001
0.001	0.997	0.001	0.001
0.001	0.997	0.001	0.001
0.997	0.001	0.001	0.001
0.001	0.001	0.997	0.001
0.818	0.001	0.180	0.001
0.001	0.090	0.001	0.908
0.001	0.997	0.001	0.001
0.001	0.997	0.001	0.001
0.001	0.997	0.001	0.001
0.180	0.818	0.001	0.001
0.001	0.997	0.001	0.001
>RGCAGKTKASWK	5-RGCAGKTKASWK	10.699780	-12.183791	0	T:3.0(12.50%),B:3.0(0.14%),P:1e-5	Tpos:29.3,Tstd:23.8,Bpos:30.7,Bstd:24.3,StrandBias:-1.0,Multiplicity:1.00
0.449	0.001	0.549	0.001
0.001	0.001	0.997	0.001
0.001	0.997	0.001	0.001
0.997	0.001	0.001	0.001
0.001	0.001	0.997	0.001
0.001	0.001	0.449	0.549
0.098	0.001	0.001	0.900
0.001	0.001	0.549	0.449
0.997	0.001	0.001	0.001
0.001	0.449	0.549	0.001
0.449	0.001	0.001	0.549
0.001	0.001	0.549	0.449
