>CTGGGTTGYC	1-CTGGGTTGYC	6.625620	-96.270794	0	T:497.0(9.50%),B:5056.3(4.92%),P:1e-41,FDR:0.2	Tpos:50.6,Tstd:26.2,Bpos:51.3,Bstd:27.0,StrandBias:0.4,Multiplicity:1.13
0.055	0.756	0.009	0.180
0.043	0.001	0.012	0.944
0.012	0.012	0.921	0.055
0.060	0.018	0.866	0.056
0.369	0.021	0.520	0.090
0.044	0.031	0.184	0.741
0.193	0.005	0.152	0.650
0.106	0.201	0.474	0.220
0.016	0.417	0.202	0.364
0.031	0.771	0.135	0.063
>AAAAGAAAAC	2-AAAAGAAAAC	6.767401	-77.736674	0	T:747.0(14.27%),B:9308.1(9.07%),P:1e-33,FDR:0.2	Tpos:50.0,Tstd:25.4,Bpos:48.8,Bstd:32.6,StrandBias:-0.1,Multiplicity:1.32
0.800	0.050	0.064	0.086
0.799	0.103	0.058	0.040
0.809	0.101	0.031	0.059
0.738	0.056	0.168	0.038
0.131	0.065	0.773	0.031
0.812	0.090	0.051	0.047
0.896	0.042	0.024	0.038
0.845	0.057	0.032	0.066
0.799	0.078	0.025	0.098
0.148	0.733	0.040	0.079
>AGACTACTGT	3-AGACTACTGT	5.205836	-74.328928	0	T:575.0(10.99%),B:6717.5(6.54%),P:1e-32,FDR:0.2	Tpos:48.7,Tstd:26.5,Bpos:50.0,Bstd:29.6,StrandBias:0.1,Multiplicity:1.09
0.968	0.001	0.001	0.030
0.001	0.016	0.599	0.384
0.587	0.274	0.138	0.001
0.020	0.662	0.030	0.288
0.223	0.001	0.001	0.775
0.759	0.198	0.011	0.032
0.031	0.917	0.031	0.021
0.023	0.001	0.001	0.975
0.032	0.299	0.474	0.195
0.214	0.001	0.272	0.513
>AAAAACATAC	4-AAAAACATAC	5.276276	-60.798758	0	T:903.0(17.26%),B:12469.4(12.15%),P:1e-26,FDR:0.2	Tpos:50.1,Tstd:26.2,Bpos:49.8,Bstd:30.0,StrandBias:0.2,Multiplicity:1.12
0.755	0.083	0.089	0.073
0.725	0.087	0.099	0.089
0.699	0.112	0.090	0.099
0.713	0.106	0.087	0.094
0.713	0.100	0.079	0.108
0.126	0.677	0.106	0.091
0.721	0.121	0.043	0.115
0.140	0.123	0.122	0.615
0.724	0.107	0.083	0.086
0.134	0.661	0.084	0.121
>ATTACCTGTT	5-ATTACCTGTT	5.596749	-57.349706	0	T:394.0(7.53%),B:4423.1(4.31%),P:1e-24,FDR:0.2	Tpos:53.8,Tstd:25.4,Bpos:52.3,Bstd:29.8,StrandBias:0.1,Multiplicity:1.03
0.946	0.018	0.001	0.035
0.001	0.001	0.123	0.875
0.063	0.131	0.001	0.805
0.997	0.001	0.001	0.001
0.097	0.690	0.001	0.212
0.081	0.803	0.040	0.076
0.419	0.001	0.001	0.579
0.001	0.001	0.951	0.047
0.131	0.001	0.001	0.867
0.001	0.151	0.001	0.847
>CCACCATCAT	6-CCACCATCAT	6.286805	-53.309690	0	T:112.0(2.14%),B:718.5(0.70%),P:1e-23,FDR:0.2	Tpos:53.2,Tstd:25.8,Bpos:50.5,Bstd:29.1,StrandBias:0.5,Multiplicity:1.00
0.179	0.556	0.122	0.143
0.152	0.598	0.095	0.155
0.630	0.126	0.077	0.167
0.162	0.533	0.126	0.179
0.164	0.600	0.084	0.152
0.666	0.115	0.061	0.158
0.159	0.124	0.115	0.602
0.151	0.577	0.122	0.150
0.649	0.126	0.074	0.151
0.130	0.134	0.146	0.590
>GGGGGCTGAA	7-GGGGGCTGAA	5.661702	-46.793559	0	T:657.0(12.55%),B:8924.5(8.69%),P:1e-20,FDR:0.2	Tpos:56.7,Tstd:26.9,Bpos:56.3,Bstd:27.0,StrandBias:-0.6,Multiplicity:1.17
0.161	0.071	0.675	0.093
0.146	0.057	0.702	0.095
0.130	0.016	0.709	0.145
0.135	0.060	0.688	0.117
0.160	0.095	0.623	0.122
0.105	0.682	0.096	0.117
0.148	0.047	0.046	0.759
0.105	0.105	0.739	0.051
0.699	0.128	0.092	0.081
0.725	0.074	0.097	0.104
>CCCGGGAATC	8-CCCGGGAATC	5.818829	-45.348423	0	T:479.0(9.15%),B:6082.2(5.92%),P:1e-19,FDR:0.2	Tpos:56.1,Tstd:21.6,Bpos:54.8,Bstd:22.0,StrandBias:1.0,Multiplicity:1.11
0.088	0.723	0.072	0.117
0.086	0.764	0.035	0.115
0.161	0.588	0.074	0.177
0.173	0.073	0.619	0.135
0.133	0.024	0.738	0.105
0.110	0.072	0.768	0.050
0.719	0.074	0.110	0.097
0.654	0.122	0.103	0.121
0.085	0.096	0.114	0.705
0.093	0.721	0.085	0.101
