>CTCCAAAAGC	1-CTCCAAAAGC	6.963367	-25.825823	0	T:71.0(9.34%),B:5914.0(3.77%),P:1e-11	Tpos:43.0,Tstd:27.7,Bpos:50.4,Bstd:27.0,StrandBias:0.6,Multiplicity:1.03
0.046	0.853	0.072	0.029
0.095	0.076	0.056	0.773
0.105	0.682	0.136	0.077
0.058	0.882	0.016	0.044
0.788	0.102	0.062	0.048
0.811	0.061	0.071	0.057
0.883	0.046	0.058	0.013
0.743	0.012	0.132	0.113
0.046	0.066	0.796	0.092
0.059	0.795	0.061	0.085
>TTGGTGCGCA	2-TTGGTGCGCA	9.922127	-24.213316	0	T:15.0(1.97%),B:290.0(0.19%),P:1e-10	Tpos:48.8,Tstd:31.0,Bpos:53.4,Bstd:25.0,StrandBias:0.4,Multiplicity:1.07
0.001	0.053	0.126	0.820
0.001	0.001	0.054	0.944
0.080	0.001	0.864	0.055
0.001	0.001	0.997	0.001
0.080	0.001	0.101	0.818
0.142	0.001	0.856	0.001
0.001	0.947	0.051	0.001
0.001	0.001	0.997	0.001
0.001	0.997	0.001	0.001
0.821	0.094	0.084	0.001
>AAAGCACATG	3-AAAGCACATG	9.340184	-15.713805	0	T:20.0(2.63%),B:986.0(0.63%),P:1e-6	Tpos:48.4,Tstd:25.9,Bpos:50.9,Bstd:26.7,StrandBias:-0.6,Multiplicity:1.40
0.944	0.001	0.054	0.001
0.873	0.050	0.076	0.001
0.922	0.001	0.076	0.001
0.091	0.041	0.749	0.119
0.052	0.946	0.001	0.001
0.930	0.001	0.001	0.068
0.212	0.670	0.039	0.079
0.906	0.047	0.001	0.046
0.174	0.001	0.001	0.824
0.001	0.001	0.854	0.144
>CTCTCTTAGA	4-CTCTCTTAGA	7.151915	-13.865779	0	T:43.0(5.66%),B:3901.0(2.49%),P:1e-6	Tpos:53.6,Tstd:26.4,Bpos:49.8,Bstd:26.6,StrandBias:0.1,Multiplicity:1.07
0.027	0.664	0.049	0.260
0.225	0.015	0.052	0.708
0.065	0.868	0.001	0.066
0.047	0.077	0.158	0.718
0.103	0.803	0.093	0.001
0.001	0.028	0.001	0.970
0.182	0.001	0.116	0.701
0.869	0.001	0.038	0.092
0.036	0.001	0.962	0.001
0.749	0.110	0.002	0.139
>AGCCGTAGGA	5-AGCCGTAGGA	5.859741	-11.980558	0	T:77.0(10.13%),B:9376.0(5.98%),P:1e-5	Tpos:56.2,Tstd:24.5,Bpos:49.5,Bstd:26.7,StrandBias:-0.3,Multiplicity:1.09
0.843	0.018	0.081	0.058
0.020	0.079	0.900	0.001
0.076	0.848	0.048	0.028
0.083	0.714	0.083	0.120
0.078	0.104	0.748	0.070
0.108	0.097	0.082	0.713
0.738	0.088	0.092	0.082
0.065	0.030	0.844	0.061
0.013	0.071	0.840	0.076
0.822	0.049	0.079	0.050
>ACACACACAC	6-ACACACACAC	6.633585	-8.013685	0	T:78.0(10.26%),B:10785.0(6.88%),P:1e-3	Tpos:50.8,Tstd:29.9,Bpos:49.2,Bstd:27.1,StrandBias:-0.4,Multiplicity:1.21
0.512	0.117	0.362	0.009
0.001	0.913	0.032	0.054
0.629	0.114	0.127	0.130
0.015	0.896	0.080	0.009
0.679	0.150	0.154	0.017
0.013	0.773	0.213	0.001
0.631	0.066	0.148	0.155
0.135	0.654	0.102	0.109
0.851	0.015	0.012	0.122
0.010	0.520	0.231	0.239
>TTTTTTTTTT	7-TTTTTTTTTT	13.403960	-2.582572	0	T:5.0(0.66%),B:460.0(0.29%),P:1e-1	Tpos:72.0,Tstd:14.5,Bpos:54.6,Bstd:24.5,StrandBias:4.6,Multiplicity:1.00
0.001	0.001	0.065	0.933
0.001	0.001	0.071	0.927
0.041	0.001	0.001	0.957
0.001	0.001	0.001	0.997
0.001	0.001	0.001	0.997
0.001	0.001	0.001	0.997
0.001	0.001	0.001	0.997
0.070	0.001	0.001	0.928
0.084	0.001	0.001	0.914
0.001	0.087	0.001	0.911
