>CAAGCCCCGCCC	1-CAAGCCCCGCCC	9.914270	-21.235029	0	T:39.0(5.13%),B:2530.0(1.61%),P:1e-9	Tpos:41.9,Tstd:26.1,Bpos:49.1,Bstd:25.1,StrandBias:-0.7,Multiplicity:1.05
0.026	0.808	0.117	0.049
0.600	0.194	0.070	0.136
0.823	0.127	0.049	0.001
0.046	0.093	0.811	0.050
0.152	0.738	0.069	0.041
0.053	0.863	0.001	0.083
0.078	0.866	0.003	0.053
0.085	0.802	0.001	0.112
0.071	0.024	0.861	0.044
0.041	0.957	0.001	0.001
0.001	0.964	0.001	0.034
0.055	0.915	0.001	0.029
>CCTCACCCATKA	2-CCTCACCCATKA	9.371481	-18.604994	0	T:19.0(2.50%),B:740.0(0.47%),P:1e-8	Tpos:57.7,Tstd:28.8,Bpos:50.0,Bstd:26.1,StrandBias:0.3,Multiplicity:1.16
0.001	0.969	0.001	0.029
0.001	0.893	0.001	0.105
0.028	0.049	0.001	0.922
0.056	0.602	0.341	0.001
0.547	0.078	0.118	0.257
0.363	0.547	0.001	0.089
0.001	0.916	0.056	0.027
0.001	0.997	0.001	0.001
0.618	0.325	0.056	0.001
0.074	0.001	0.329	0.596
0.001	0.211	0.364	0.424
0.773	0.074	0.057	0.096
>AGTCTGCTACAG	3-AGTCTGCTACAG	12.150409	-13.705784	0	T:6.0(0.79%),B:66.0(0.04%),P:1e-5	Tpos:53.2,Tstd:21.8,Bpos:50.7,Bstd:25.2,StrandBias:-1.8,Multiplicity:1.50
0.997	0.001	0.001	0.001
0.001	0.380	0.618	0.001
0.001	0.001	0.156	0.842
0.223	0.775	0.001	0.001
0.001	0.001	0.001	0.997
0.001	0.194	0.804	0.001
0.001	0.997	0.001	0.001
0.351	0.001	0.001	0.647
0.618	0.001	0.001	0.380
0.001	0.997	0.001	0.001
0.997	0.001	0.001	0.001
0.001	0.223	0.775	0.001
>KGGTCTTGGTCY	4-KGGTCTTGGTCY	14.162646	-12.972117	0	T:3.0(0.39%),B:5.0(0.00%),P:1e-5	Tpos:31.6,Tstd:20.6,Bpos:36.6,Bstd:14.6,StrandBias:2.8,Multiplicity:2.67
0.001	0.001	0.504	0.494
0.001	0.001	0.997	0.001
0.001	0.001	0.598	0.400
0.001	0.001	0.001	0.997
0.400	0.598	0.001	0.001
0.001	0.001	0.001	0.997
0.001	0.001	0.001	0.997
0.001	0.001	0.997	0.001
0.001	0.001	0.997	0.001
0.001	0.001	0.001	0.997
0.001	0.987	0.001	0.011
0.001	0.504	0.001	0.494
>GCCTAGCCTAGC	5-GCCTAGCCTAGC	12.183146	-12.972117	0	T:3.0(0.39%),B:5.0(0.00%),P:1e-5	Tpos:43.8,Tstd:27.5,Bpos:53.8,Bstd:29.6,StrandBias:-2.0,Multiplicity:1.67
0.099	0.101	0.799	0.001
0.002	0.796	0.103	0.099
0.001	0.997	0.001	0.001
0.001	0.001	0.299	0.699
0.797	0.101	0.001	0.101
0.101	0.086	0.812	0.001
0.101	0.698	0.200	0.001
0.199	0.501	0.298	0.002
0.002	0.004	0.300	0.694
0.699	0.101	0.001	0.199
0.385	0.001	0.610	0.004
0.001	0.908	0.090	0.001
>TCAGGGGTTCCC	6-TCAGGGGTTCCC	10.824018	-12.413250	0	T:8.0(1.05%),B:182.0(0.12%),P:1e-5	Tpos:50.3,Tstd:22.2,Bpos:49.0,Bstd:26.5,StrandBias:-0.6,Multiplicity:1.25
0.001	0.143	0.204	0.652
0.001	0.997	0.001	0.001
0.997	0.001	0.001	0.001
0.001	0.001	0.578	0.420
0.002	0.001	0.961	0.036
0.001	0.001	0.987	0.011
0.146	0.012	0.626	0.216
0.001	0.011	0.001	0.987
0.204	0.001	0.001	0.794
0.001	0.794	0.204	0.001
0.216	0.579	0.001	0.204
0.001	0.997	0.001	0.001
>CTATACTTGGTA	7-CTATACTTGGTA	14.323862	-8.149439	0	T:2.0(0.26%),B:5.0(0.00%),P:1e-3	Tpos:53.8,Tstd:26.6,Bpos:46.8,Bstd:28.4,StrandBias:2.0,Multiplicity:2.50
0.001	0.997	0.001	0.001
0.001	0.001	0.001	0.997
0.799	0.199	0.001	0.001
0.001	0.199	0.001	0.799
0.997	0.001	0.001	0.001
0.001	0.799	0.001	0.199
0.001	0.001	0.001	0.997
0.001	0.001	0.001	0.997
0.001	0.199	0.799	0.001
0.001	0.001	0.997	0.001
0.001	0.001	0.001	0.997
0.997	0.001	0.001	0.001
>BTTTTGTTTTKB	8-BTTTTGTTTTKB	8.040754	-6.870627	0	T:31.0(4.08%),B:3460.0(2.21%),P:1e-2	Tpos:56.3,Tstd:21.2,Bpos:50.7,Bstd:25.0,StrandBias:1.4,Multiplicity:1.39
0.133	0.247	0.291	0.329
0.041	0.037	0.103	0.819
0.010	0.278	0.182	0.530
0.017	0.063	0.070	0.850
0.012	0.062	0.373	0.553
0.039	0.253	0.647	0.061
0.024	0.297	0.199	0.480
0.103	0.258	0.042	0.597
0.015	0.026	0.228	0.731
0.023	0.179	0.220	0.578
0.115	0.155	0.390	0.341
0.148	0.270	0.346	0.236
