>GCCAATCAGTGA	1-GCCAATCAGTGA	7.669030	-38.732263	0	T:16.0(9.47%),B:2.0(0.39%),P:1e-16	Tpos:44.9,Tstd:26.2,Bpos:25.5,Bstd:7.5,StrandBias:0.7,Multiplicity:1.00
0.129	0.155	0.587	0.129
0.257	0.475	0.001	0.267
0.257	0.716	0.001	0.026
0.614	0.257	0.001	0.128
0.997	0.001	0.001	0.001
0.001	0.128	0.001	0.870
0.001	0.997	0.001	0.001
0.997	0.001	0.001	0.001
0.128	0.001	0.870	0.001
0.284	0.027	0.129	0.560
0.181	0.001	0.817	0.001
0.551	0.267	0.027	0.155
>AGCCAGGCTCTG	2-AGCCAGGCTCTG	10.375315	-34.062289	0	T:12.0(7.10%),B:1.0(0.19%),P:1e-14	Tpos:56.1,Tstd:25.9,Bpos:27.0,Bstd:0.0,StrandBias:-0.5,Multiplicity:1.00
0.980	0.001	0.001	0.018
0.001	0.001	0.906	0.092
0.001	0.813	0.185	0.001
0.092	0.906	0.001	0.001
0.583	0.131	0.001	0.285
0.185	0.001	0.556	0.258
0.001	0.092	0.683	0.224
0.001	0.997	0.001	0.001
0.001	0.111	0.001	0.887
0.001	0.997	0.001	0.001
0.092	0.001	0.001	0.906
0.139	0.186	0.582	0.093
>CCCAGGACAGCA	3-CCCAGGACAGCA	8.080574	-29.086961	0	T:13.0(7.69%),B:2.0(0.39%),P:1e-12	Tpos:54.8,Tstd:18.2,Bpos:65.0,Bstd:11.0,StrandBias:-0.5,Multiplicity:1.00
0.001	0.653	0.173	0.173
0.001	0.997	0.001	0.001
0.173	0.653	0.001	0.173
0.997	0.001	0.001	0.001
0.001	0.001	0.997	0.001
0.001	0.172	0.826	0.001
0.481	0.173	0.173	0.173
0.001	0.826	0.172	0.001
0.826	0.001	0.001	0.172
0.001	0.001	0.997	0.001
0.001	0.997	0.001	0.001
0.931	0.067	0.001	0.001
>CCCAGAGGCAAG	4-CCCAGAGGCAAG	7.728799	-28.844831	0	T:20.0(11.83%),B:7.0(1.36%),P:1e-12	Tpos:56.2,Tstd:21.8,Bpos:32.3,Bstd:21.0,StrandBias:0.6,Multiplicity:1.05
0.176	0.600	0.180	0.044
0.092	0.684	0.136	0.088
0.176	0.648	0.044	0.132
0.776	0.001	0.175	0.048
0.048	0.004	0.860	0.088
0.824	0.088	0.044	0.044
0.092	0.001	0.863	0.044
0.001	0.131	0.781	0.087
0.052	0.680	0.136	0.132
0.863	0.092	0.001	0.044
0.732	0.044	0.136	0.088
0.140	0.131	0.728	0.001
>GAGTCTGAGATG	5-GAGTCTGAGATG	9.782907	-26.817943	0	T:10.0(5.92%),B:1.0(0.19%),P:1e-11	Tpos:52.4,Tstd:24.4,Bpos:92.0,Bstd:0.0,StrandBias:0.8,Multiplicity:1.10
0.284	0.023	0.692	0.001
0.858	0.140	0.001	0.001
0.287	0.001	0.711	0.001
0.234	0.001	0.001	0.764
0.001	0.997	0.001	0.001
0.372	0.001	0.001	0.626
0.001	0.274	0.724	0.001
0.748	0.001	0.137	0.114
0.001	0.001	0.997	0.001
0.521	0.227	0.251	0.001
0.001	0.001	0.121	0.877
0.118	0.137	0.631	0.114
>TGCTCATAGAGC	6-TGCTCATAGAGC	8.463612	-16.738838	0	T:7.0(4.14%),B:1.0(0.19%),P:1e-7	Tpos:30.6,Tstd:25.1,Bpos:92.0,Bstd:0.0,StrandBias:0.4,Multiplicity:1.00
0.100	0.100	0.100	0.700
0.100	0.100	0.700	0.100
0.100	0.700	0.100	0.100
0.100	0.100	0.100	0.700
0.100	0.700	0.100	0.100
0.700	0.100	0.100	0.100
0.100	0.100	0.100	0.700
0.700	0.100	0.100	0.100
0.100	0.100	0.700	0.100
0.700	0.100	0.100	0.100
0.100	0.100	0.700	0.100
0.100	0.700	0.100	0.100
>GTTGTCAAAGCC	7-GTTGTCAAAGCC	5.862207	-14.710947	0	T:8.0(4.73%),B:2.0(0.39%),P:1e-6	Tpos:49.6,Tstd:21.0,Bpos:60.0,Bstd:12.0,StrandBias:1.0,Multiplicity:1.12
0.205	0.187	0.399	0.209
0.185	0.218	0.188	0.409
0.218	0.114	0.164	0.504
0.149	0.172	0.515	0.164
0.177	0.166	0.162	0.495
0.127	0.582	0.160	0.131
0.619	0.138	0.084	0.159
0.511	0.164	0.183	0.142
0.588	0.097	0.177	0.138
0.183	0.145	0.506	0.166
0.188	0.433	0.196	0.183
0.185	0.440	0.136	0.239
>TGATTTTCCAGC	8-TGATTTTCCAGC	8.463612	-13.636451	0	T:6.0(3.55%),B:1.0(0.19%),P:1e-5	Tpos:54.0,Tstd:26.7,Bpos:6.0,Bstd:0.0,StrandBias:1.3,Multiplicity:1.17
0.100	0.100	0.100	0.700
0.100	0.100	0.700	0.100
0.700	0.100	0.100	0.100
0.100	0.100	0.100	0.700
0.100	0.100	0.100	0.700
0.100	0.100	0.100	0.700
0.100	0.100	0.100	0.700
0.100	0.700	0.100	0.100
0.100	0.700	0.100	0.100
0.700	0.100	0.100	0.100
0.100	0.100	0.700	0.100
0.100	0.700	0.100	0.100
