>RARRAGKTATSA	1-RARRAGKTATSA	6.937415	-21.119448	0	T:4.0(66.67%),B:0.0(0.00%),P:1e-9	Tpos:40.0,Tstd:29.9,Bpos:0.0,Bstd:0.0,StrandBias:1.6,Multiplicity:1.00
0.446	0.001	0.552	0.001
0.997	0.001	0.001	0.001
0.446	0.001	0.552	0.001
0.446	0.106	0.446	0.001
0.997	0.001	0.001	0.001
0.001	0.001	0.997	0.001
0.001	0.106	0.446	0.446
0.001	0.001	0.001	0.997
0.913	0.001	0.085	0.001
0.001	0.001	0.001	0.997
0.001	0.446	0.533	0.020
0.997	0.001	0.001	0.001
>TTGTTCBGBTGB	2-TTGTTCBGBTGB	8.585898	-11.593474	0	T:3.0(50.00%),B:3.0(0.78%),P:1e-5	Tpos:44.3,Tstd:16.2,Bpos:70.0,Bstd:25.3,StrandBias:10.0,Multiplicity:1.00
0.343	0.020	0.005	0.632
0.015	0.039	0.010	0.936
0.333	0.015	0.617	0.035
0.029	0.015	0.024	0.932
0.015	0.333	0.005	0.647
0.024	0.647	0.314	0.015
0.024	0.348	0.309	0.318
0.039	0.328	0.623	0.010
0.025	0.333	0.314	0.328
0.314	0.020	0.020	0.646
0.010	0.034	0.936	0.020
0.015	0.343	0.309	0.333
>TGTCTDDGGVTG	3-TGTCTDDGGVTG	9.469306	-10.736292	0	T:3.0(50.00%),B:4.0(1.04%),P:1e-4	Tpos:30.5,Tstd:9.2,Bpos:50.2,Bstd:30.6,StrandBias:1.6,Multiplicity:1.33
0.308	0.001	0.001	0.690
0.001	0.308	0.690	0.001
0.001	0.001	0.001	0.997
0.001	0.997	0.001	0.001
0.001	0.308	0.001	0.690
0.382	0.001	0.308	0.308
0.308	0.001	0.308	0.382
0.001	0.001	0.690	0.308
0.001	0.001	0.690	0.308
0.308	0.382	0.308	0.001
0.308	0.001	0.001	0.690
0.001	0.001	0.997	0.001
>CCTTGCTTCTCT	4-CCTTGCTTCTCT	12.355432	-3.483878	0	T:1.0(16.67%),B:2.0(0.52%),P:1e-1	Tpos:42.0,Tstd:0.0,Bpos:77.0,Bstd:5.0,StrandBias:10.0,Multiplicity:1.00
0.100	0.700	0.100	0.100
0.100	0.700	0.100	0.100
0.100	0.100	0.100	0.700
0.100	0.100	0.100	0.700
0.100	0.100	0.700	0.100
0.100	0.700	0.100	0.100
0.100	0.100	0.100	0.700
0.100	0.100	0.100	0.700
0.100	0.700	0.100	0.100
0.100	0.100	0.100	0.700
0.100	0.700	0.100	0.100
0.100	0.100	0.100	0.700
>CCTCTAGTGCCC	5-CCTCTAGTGCCC	12.355432	-3.483878	0	T:1.0(16.67%),B:2.0(0.52%),P:1e-1	Tpos:34.0,Tstd:0.0,Bpos:38.0,Bstd:3.0,StrandBias:10.0,Multiplicity:1.00
0.100	0.700	0.100	0.100
0.100	0.700	0.100	0.100
0.100	0.100	0.100	0.700
0.100	0.700	0.100	0.100
0.100	0.100	0.100	0.700
0.700	0.100	0.100	0.100
0.100	0.100	0.700	0.100
0.100	0.100	0.100	0.700
0.100	0.100	0.700	0.100
0.100	0.700	0.100	0.100
0.100	0.700	0.100	0.100
0.100	0.700	0.100	0.100
