>DCTCHGGTCC	1-DCTCHGGTCC	8.297133	-14.698377	0	T:4.0(66.67%),B:5.0(1.30%),P:1e-6	Tpos:59.2,Tstd:22.3,Bpos:55.0,Bstd:24.1,StrandBias:0.0,Multiplicity:1.00
0.308	0.001	0.382	0.308
0.001	0.690	0.001	0.308
0.001	0.001	0.001	0.997
0.308	0.690	0.001	0.001
0.382	0.308	0.001	0.308
0.308	0.001	0.690	0.001
0.001	0.308	0.690	0.001
0.001	0.001	0.024	0.974
0.001	0.666	0.332	0.001
0.001	0.997	0.001	0.001
>GDTATTWCCH	2-GDTATTWCCH	6.856699	-12.804016	0	T:3.0(50.00%),B:2.0(0.52%),P:1e-5	Tpos:67.0,Tstd:10.7,Bpos:42.5,Bstd:34.5,StrandBias:-1.6,Multiplicity:1.00
0.083	0.083	0.765	0.069
0.248	0.152	0.351	0.248
0.166	0.248	0.083	0.503
0.668	0.083	0.166	0.083
0.172	0.001	0.152	0.675
0.083	0.007	0.248	0.662
0.434	0.001	0.152	0.414
0.001	0.827	0.001	0.171
0.001	0.833	0.001	0.165
0.331	0.331	0.001	0.338
>AAATCTCABT	3-AAATCTCABT	8.639302	-11.593474	0	T:3.0(50.00%),B:3.0(0.78%),P:1e-5	Tpos:63.8,Tstd:28.1,Bpos:59.0,Bstd:18.4,StrandBias:10.0,Multiplicity:1.33
0.939	0.001	0.059	0.001
0.690	0.308	0.001	0.001
0.632	0.059	0.001	0.308
0.073	0.001	0.308	0.618
0.308	0.690	0.001	0.001
0.001	0.001	0.001	0.997
0.001	0.997	0.001	0.001
0.690	0.308	0.001	0.001
0.001	0.308	0.382	0.308
0.001	0.001	0.001	0.997
>MTKTCWGWWG	4-MTKTCWGWWG	10.237197	-6.019384	0	T:2.0(33.33%),B:5.0(1.30%),P:1e-2	Tpos:57.5,Tstd:6.5,Bpos:70.8,Bstd:13.3,StrandBias:-10.0,Multiplicity:1.00
0.446	0.552	0.001	0.001
0.001	0.001	0.001	0.997
0.001	0.106	0.446	0.446
0.001	0.001	0.001	0.997
0.001	0.997	0.001	0.001
0.446	0.001	0.001	0.552
0.001	0.001	0.997	0.001
0.552	0.001	0.001	0.446
0.552	0.001	0.001	0.446
0.001	0.001	0.997	0.001
>GCTCTCCCAG	5-GCTCTCCCAG	10.296193	-3.483878	0	T:1.0(16.67%),B:2.0(0.52%),P:1e-1	Tpos:22.0,Tstd:0.0,Bpos:26.5,Bstd:13.5,StrandBias:-10.0,Multiplicity:1.00
0.100	0.100	0.700	0.100
0.100	0.700	0.100	0.100
0.100	0.100	0.100	0.700
0.100	0.700	0.100	0.100
0.100	0.100	0.100	0.700
0.100	0.700	0.100	0.100
0.100	0.700	0.100	0.100
0.100	0.700	0.100	0.100
0.700	0.100	0.100	0.100
0.100	0.100	0.700	0.100
