>ATCACATCTT	1-ATCACATCTT	5.174152	-17.943314	0	T:7.0(29.17%),B:28.0(1.28%),P:1e-7	Tpos:51.7,Tstd:24.8,Bpos:53.6,Bstd:24.2,StrandBias:1.3,Multiplicity:1.00
0.908	0.090	0.001	0.001
0.001	0.001	0.001	0.997
0.001	0.954	0.001	0.044
0.818	0.180	0.001	0.001
0.001	0.908	0.001	0.090
0.863	0.001	0.001	0.135
0.001	0.001	0.001	0.997
0.001	0.997	0.001	0.001
0.090	0.001	0.001	0.908
0.001	0.001	0.001	0.997
>AGRKYAKGTG	2-AGRKYAKGTG	8.899390	-12.077940	0	T:5.0(20.83%),B:24.0(1.10%),P:1e-5	Tpos:39.5,Tstd:35.2,Bpos:46.8,Bstd:25.5,StrandBias:-1.0,Multiplicity:1.20
0.997	0.001	0.001	0.001
0.001	0.001	0.997	0.001
0.449	0.001	0.549	0.001
0.001	0.043	0.450	0.506
0.001	0.449	0.001	0.549
0.997	0.001	0.001	0.001
0.001	0.001	0.549	0.449
0.001	0.001	0.997	0.001
0.001	0.001	0.001	0.997
0.001	0.001	0.997	0.001
>CTCCACCACT	3-CTCCACCACT	11.327360	-11.325440	0	T:4.0(16.67%),B:13.0(0.59%),P:1e-4	Tpos:41.0,Tstd:12.2,Bpos:51.8,Bstd:28.6,StrandBias:1.6,Multiplicity:1.00
0.001	0.997	0.001	0.001
0.001	0.001	0.269	0.729
0.001	0.997	0.001	0.001
0.001	0.997	0.001	0.001
0.997	0.001	0.001	0.001
0.001	0.997	0.001	0.001
0.001	0.997	0.001	0.001
0.843	0.155	0.001	0.001
0.204	0.794	0.001	0.001
0.001	0.099	0.001	0.899
>GTCHSTAAGA	4-GTCHSTAAGA	7.144805	-10.478349	0	T:6.0(25.00%),B:57.0(2.61%),P:1e-4	Tpos:53.4,Tstd:22.7,Bpos:43.8,Bstd:26.3,StrandBias:-1.3,Multiplicity:1.17
0.103	0.103	0.643	0.151
0.001	0.001	0.001	0.997
0.001	0.896	0.001	0.102
0.309	0.380	0.001	0.309
0.103	0.461	0.436	0.001
0.103	0.103	0.103	0.691
0.643	0.151	0.103	0.103
0.896	0.001	0.102	0.001
0.103	0.001	0.793	0.103
0.690	0.103	0.206	0.001
>NTCCAGCTCA	5-NTCCAGCTCA	8.491779	-6.305075	0	T:5.0(20.83%),B:83.0(3.80%),P:1e-2	Tpos:52.3,Tstd:32.2,Bpos:49.4,Bstd:25.5,StrandBias:0.4,Multiplicity:1.40
0.223	0.244	0.223	0.309
0.223	0.001	0.223	0.553
0.001	0.718	0.280	0.001
0.223	0.553	0.001	0.223
0.669	0.001	0.001	0.329
0.001	0.001	0.997	0.001
0.057	0.914	0.001	0.028
0.001	0.001	0.001	0.997
0.223	0.719	0.001	0.057
0.997	0.001	0.001	0.001
