>TCCCDCCMAC	1-TCCCDCCMAC	5.477074	-35.883539	0	T:16.0(3.46%),B:3.2(0.18%),P:1e-15,FDR:0.4	Tpos:46.8,Tstd:22.3,Bpos:50.7,Bstd:12.9,StrandBias:-0.4,Multiplicity:1.00
0.001	0.001	0.001	0.997
0.001	0.652	0.001	0.346
0.001	0.997	0.001	0.001
0.203	0.795	0.001	0.001
0.347	0.001	0.305	0.347
0.001	0.997	0.001	0.001
0.001	0.997	0.001	0.001
0.550	0.448	0.001	0.001
0.997	0.001	0.001	0.001
0.001	0.997	0.001	0.001
>TAGGGTCAGG	2-TAGGGTCAGG	9.442456	-33.483228	0	T:18.0(3.90%),B:6.0(0.33%),P:1e-14,FDR:0.4	Tpos:54.3,Tstd:24.8,Bpos:71.9,Bstd:9.8,StrandBias:0.0,Multiplicity:1.00
0.001	0.001	0.001	0.997
0.997	0.001	0.001	0.001
0.001	0.001	0.997	0.001
0.001	0.001	0.997	0.001
0.001	0.001	0.997	0.001
0.001	0.001	0.001	0.997
0.001	0.887	0.001	0.111
0.665	0.223	0.111	0.001
0.001	0.001	0.997	0.001
0.001	0.001	0.997	0.001
>AGAGGAGTTC	3-AGAGGAGTTC	9.881863	-32.859329	0	T:11.0(2.38%),B:1.7(0.09%),P:1e-14,FDR:0.4	Tpos:36.6,Tstd:27.2,Bpos:13.0,Bstd:0.0,StrandBias:1.4,Multiplicity:1.00
0.665	0.251	0.083	0.001
0.083	0.001	0.915	0.001
0.997	0.001	0.001	0.001
0.001	0.001	0.997	0.001
0.001	0.001	0.997	0.001
0.997	0.001	0.001	0.001
0.001	0.001	0.997	0.001
0.001	0.001	0.001	0.997
0.001	0.001	0.001	0.997
0.001	0.915	0.083	0.001
>GATTGCTAAG	4-GATTGCTAAG	6.913388	-28.645536	0	T:12.0(2.60%),B:2.9(0.16%),P:1e-12,FDR:0.4	Tpos:44.6,Tstd:28.3,Bpos:40.6,Bstd:13.9,StrandBias:0.0,Multiplicity:1.00
0.117	0.122	0.551	0.210
0.517	0.117	0.122	0.244
0.142	0.078	0.171	0.609
0.164	0.028	0.116	0.692
0.173	0.096	0.536	0.195
0.105	0.536	0.227	0.132
0.248	0.170	0.021	0.561
0.500	0.156	0.206	0.138
0.692	0.028	0.170	0.110
0.136	0.095	0.647	0.122
>TGAGCMTGCT	5-TGAGCMTGCT	6.934717	-23.894116	0	T:50.0(10.82%),B:68.5(3.79%),P:1e-10,FDR:0.6	Tpos:52.5,Tstd:18.5,Bpos:44.3,Bstd:21.5,StrandBias:0.1,Multiplicity:1.06
0.032	0.002	0.160	0.806
0.255	0.119	0.562	0.064
0.838	0.065	0.096	0.001
0.032	0.001	0.935	0.032
0.032	0.935	0.001	0.032
0.488	0.350	0.032	0.130
0.096	0.001	0.182	0.721
0.001	0.001	0.870	0.128
0.064	0.903	0.032	0.001
0.001	0.001	0.039	0.959
>AAAACCAAAA	6-AAAACCAAAA	11.292175	-22.959948	0	T:24.0(5.19%),B:18.0(1.00%),P:1e-9,FDR:0.6	Tpos:59.3,Tstd:19.2,Bpos:54.0,Bstd:27.0,StrandBias:1.9,Multiplicity:1.17
0.997	0.001	0.001	0.001
0.997	0.001	0.001	0.001
0.997	0.001	0.001	0.001
0.967	0.001	0.001	0.031
0.159	0.808	0.032	0.001
0.212	0.755	0.032	0.001
0.997	0.001	0.001	0.001
0.500	0.331	0.037	0.132
0.997	0.001	0.001	0.001
0.997	0.001	0.001	0.001
>GGMNCTGTCC	7-GGMNCTGTCC	7.023608	-20.175607	0	T:17.0(3.68%),B:10.3(0.57%),P:1e-8,FDR:0.6	Tpos:54.0,Tstd:26.3,Bpos:51.9,Bstd:24.2,StrandBias:0.8,Multiplicity:1.29
0.287	0.001	0.553	0.159
0.161	0.157	0.671	0.011
0.419	0.367	0.205	0.009
0.244	0.189	0.284	0.283
0.097	0.604	0.147	0.152
0.160	0.001	0.001	0.838
0.092	0.166	0.490	0.251
0.129	0.171	0.171	0.529
0.001	0.636	0.193	0.170
0.149	0.560	0.005	0.286
>GTGAWTGGCT	8-GTGAWTGGCT	7.766609	-16.906064	0	T:22.0(4.76%),B:21.2(1.17%),P:1e-7,FDR:0.625	Tpos:53.3,Tstd:23.7,Bpos:46.9,Bstd:24.8,StrandBias:0.3,Multiplicity:1.23
0.236	0.154	0.421	0.189
0.226	0.009	0.292	0.473
0.077	0.166	0.628	0.129
0.772	0.008	0.219	0.001
0.411	0.073	0.182	0.335
0.252	0.068	0.222	0.457
0.120	0.001	0.721	0.158
0.008	0.001	0.800	0.191
0.001	0.594	0.244	0.161
0.120	0.009	0.078	0.793
