>GTTGGGGT	1-GTTGGGGT	7.186403	-30.708877	0	T:36.0(7.79%),B:30.9(1.71%),P:1e-13,FDR:0.4	Tpos:52.2,Tstd:26.8,Bpos:44.2,Bstd:37.6,StrandBias:0.1,Multiplicity:1.08
0.042	0.001	0.956	0.001
0.001	0.001	0.001	0.997
0.001	0.176	0.001	0.822
0.001	0.001	0.997	0.001
0.001	0.043	0.820	0.136
0.001	0.042	0.956	0.001
0.001	0.068	0.930	0.001
0.001	0.001	0.001	0.997
>AGCCAATA	2-AGCCAATA	5.005182	-30.098743	0	T:155.0(33.55%),B:343.6(19.00%),P:1e-13,FDR:0.4	Tpos:46.4,Tstd:27.1,Bpos:51.7,Bstd:30.9,StrandBias:0.0,Multiplicity:1.18
0.791	0.054	0.101	0.054
0.080	0.047	0.786	0.087
0.067	0.740	0.108	0.085
0.205	0.678	0.011	0.106
0.746	0.052	0.078	0.124
0.731	0.051	0.053	0.165
0.058	0.139	0.038	0.765
0.770	0.137	0.050	0.043
>CAATGGGG	3-CAATGGGG	8.089509	-26.007830	0	T:14.0(3.03%),B:4.1(0.23%),P:1e-11,FDR:0.4	Tpos:43.7,Tstd:22.6,Bpos:44.6,Bstd:15.9,StrandBias:1.5,Multiplicity:1.00
0.001	0.997	0.001	0.001
0.997	0.001	0.001	0.001
0.845	0.152	0.001	0.002
0.001	0.068	0.068	0.863
0.001	0.001	0.726	0.272
0.272	0.001	0.726	0.001
0.001	0.001	0.997	0.001
0.001	0.001	0.726	0.272
>AGACGATT	4-AGACGATT	8.162582	-25.462982	0	T:11.0(2.38%),B:2.9(0.16%),P:1e-11,FDR:0.4	Tpos:42.7,Tstd:30.1,Bpos:31.6,Bstd:15.9,StrandBias:-0.3,Multiplicity:1.00
0.997	0.001	0.001	0.001
0.001	0.001	0.997	0.001
0.726	0.001	0.001	0.272
0.001	0.997	0.001	0.001
0.001	0.167	0.831	0.001
0.454	0.272	0.001	0.272
0.001	0.001	0.014	0.984
0.001	0.001	0.001	0.997
>TTATAAAG	5-TTATAAAG	8.004961	-19.751916	0	T:50.0(10.82%),B:77.7(4.29%),P:1e-8,FDR:0.4	Tpos:51.3,Tstd:21.6,Bpos:51.1,Bstd:19.5,StrandBias:0.2,Multiplicity:1.16
0.001	0.001	0.001	0.997
0.001	0.001	0.001	0.997
0.997	0.001	0.001	0.001
0.001	0.294	0.072	0.633
0.997	0.001	0.001	0.001
0.894	0.001	0.104	0.001
0.997	0.001	0.001	0.001
0.001	0.082	0.916	0.001
>GGTTHCCK	6-GGTTHCCK	6.353818	-19.319453	0	T:30.0(6.49%),B:33.0(1.83%),P:1e-8,FDR:0.4	Tpos:54.6,Tstd:25.5,Bpos:52.8,Bstd:33.9,StrandBias:-0.3,Multiplicity:1.03
0.001	0.075	0.923	0.001
0.001	0.001	0.997	0.001
0.001	0.001	0.001	0.997
0.001	0.001	0.001	0.997
0.375	0.385	0.001	0.239
0.001	0.997	0.001	0.001
0.045	0.953	0.001	0.001
0.001	0.001	0.443	0.555
>GGAGTCTG	7-GGAGTCTG	8.214999	-16.037870	0	T:23.0(4.98%),B:25.0(1.38%),P:1e-6,FDR:0.542857142857143	Tpos:42.4,Tstd:35.9,Bpos:49.8,Bstd:37.4,StrandBias:0.2,Multiplicity:1.04
0.001	0.001	0.997	0.001
0.001	0.001	0.997	0.001
0.997	0.001	0.001	0.001
0.001	0.001	0.997	0.001
0.001	0.001	0.001	0.997
0.001	0.915	0.083	0.001
0.129	0.001	0.001	0.869
0.001	0.072	0.926	0.001
>MGYTGTCC	8-MGYTGTCC	7.640943	-15.997800	0	T:24.0(5.19%),B:26.7(1.48%),P:1e-6,FDR:0.542857142857143	Tpos:53.7,Tstd:29.2,Bpos:43.6,Bstd:28.3,StrandBias:0.2,Multiplicity:1.25
0.402	0.424	0.001	0.173
0.001	0.248	0.750	0.001
0.007	0.449	0.124	0.421
0.001	0.001	0.123	0.875
0.123	0.298	0.578	0.001
0.001	0.123	0.001	0.875
0.001	0.978	0.001	0.020
0.001	0.997	0.001	0.001
