>GTCCCGGC	1-GTCCCGGC	8.187277	-25.671825	0	T:9.0(1.95%),B:1.0(0.05%),P:1e-11	Tpos:53.8,Tstd:33.3,Bpos:43.0,Bstd:0.0,StrandBias:-0.8,Multiplicity:1.22
0.001	0.001	0.857	0.141
0.141	0.001	0.001	0.857
0.001	0.997	0.001	0.001
0.001	0.658	0.001	0.340
0.141	0.857	0.001	0.001
0.053	0.001	0.945	0.001
0.141	0.001	0.857	0.001
0.001	0.997	0.001	0.001
>AAGAAGTG	2-AAGAAGTG	7.982231	-25.249325	0	T:32.0(6.93%),B:30.0(1.61%),P:1e-10	Tpos:55.4,Tstd:26.5,Bpos:53.9,Bstd:28.5,StrandBias:-0.5,Multiplicity:1.07
0.997	0.001	0.001	0.001
0.997	0.001	0.001	0.001
0.011	0.001	0.987	0.001
0.624	0.226	0.111	0.039
0.841	0.123	0.035	0.001
0.001	0.057	0.941	0.001
0.147	0.039	0.058	0.756
0.001	0.122	0.876	0.001
>ACAWTGTG	3-ACAWTGTG	6.808993	-20.936574	0	T:27.0(5.84%),B:26.0(1.39%),P:1e-9	Tpos:44.0,Tstd:26.4,Bpos:52.5,Bstd:27.6,StrandBias:-0.2,Multiplicity:1.04
0.697	0.301	0.001	0.001
0.240	0.463	0.001	0.296
0.576	0.250	0.001	0.173
0.518	0.093	0.001	0.388
0.001	0.001	0.238	0.760
0.001	0.080	0.905	0.014
0.001	0.001	0.001	0.997
0.001	0.333	0.644	0.022
>AGAAGCAA	4-AGAAGCAA	9.343351	-18.315495	0	T:22.0(4.76%),B:20.0(1.07%),P:1e-7	Tpos:43.8,Tstd:26.1,Bpos:47.1,Bstd:27.2,StrandBias:0.4,Multiplicity:1.05
0.997	0.001	0.001	0.001
0.001	0.001	0.997	0.001
0.711	0.001	0.110	0.178
0.997	0.001	0.001	0.001
0.001	0.001	0.997	0.001
0.001	0.997	0.001	0.001
0.997	0.001	0.001	0.001
0.997	0.001	0.001	0.001
>CACCTTCT	5-CACCTTCT	7.211716	-18.222033	0	T:54.0(11.69%),B:94.0(5.03%),P:1e-7	Tpos:47.7,Tstd:24.7,Bpos:51.4,Bstd:24.8,StrandBias:0.5,Multiplicity:1.16
0.141	0.800	0.058	0.001
0.840	0.126	0.001	0.033
0.079	0.919	0.001	0.001
0.001	0.997	0.001	0.001
0.039	0.001	0.001	0.959
0.060	0.001	0.001	0.938
0.047	0.718	0.234	0.001
0.001	0.083	0.052	0.864
>TGGRATAC	6-TGGRATAC	6.841030	-16.946927	0	T:30.0(6.49%),B:38.0(2.03%),P:1e-7	Tpos:58.7,Tstd:29.7,Bpos:55.8,Bstd:22.6,StrandBias:0.1,Multiplicity:1.07
0.108	0.045	0.045	0.802
0.089	0.001	0.758	0.152
0.045	0.134	0.731	0.090
0.440	0.001	0.558	0.001
0.909	0.045	0.001	0.045
0.001	0.188	0.163	0.648
0.843	0.155	0.001	0.001
0.045	0.802	0.108	0.045
>ACGCGGGA	7-ACGCGGGA	7.807699	-16.389525	0	T:11.0(2.38%),B:5.0(0.27%),P:1e-7	Tpos:45.4,Tstd:32.6,Bpos:46.6,Bstd:19.9,StrandBias:0.8,Multiplicity:1.00
0.997	0.001	0.001	0.001
0.105	0.893	0.001	0.001
0.106	0.106	0.532	0.256
0.106	0.682	0.106	0.106
0.001	0.001	0.997	0.001
0.001	0.001	0.997	0.001
0.001	0.001	0.997	0.001
0.997	0.001	0.001	0.001
>AAAAAAAA	8-AAAAAAAA	7.335929	-3.855689	0	T:51.0(11.04%),B:154.0(8.24%),P:1e-1	Tpos:54.6,Tstd:31.0,Bpos:51.4,Bstd:28.9,StrandBias:1.3,Multiplicity:1.20
0.935	0.001	0.001	0.063
0.800	0.064	0.032	0.104
0.925	0.073	0.001	0.001
0.921	0.077	0.001	0.001
0.885	0.068	0.001	0.046
0.956	0.042	0.001	0.001
0.924	0.074	0.001	0.001
0.951	0.001	0.047	0.001
