>TGTAGCTA	1-TGTAGCTA	10.610456	-53.479460	0	T:34.0(4.15%),B:305.2(0.38%),P:1e-23,FDR:0.2	Tpos:54.1,Tstd:27.9,Bpos:50.2,Bstd:35.5,StrandBias:0.3,Multiplicity:1.00
0.001	0.001	0.001	0.997
0.001	0.344	0.632	0.023
0.001	0.001	0.001	0.997
0.997	0.001	0.001	0.001
0.001	0.001	0.997	0.001
0.001	0.997	0.001	0.001
0.001	0.001	0.001	0.997
0.997	0.001	0.001	0.001
>TTAGGGAT	2-TTAGGGAT	6.407360	-40.280481	0	T:69.0(8.41%),B:1969.2(2.46%),P:1e-17,FDR:0.2	Tpos:49.7,Tstd:28.8,Bpos:50.9,Bstd:58.8,StrandBias:0.8,Multiplicity:1.06
0.194	0.286	0.001	0.519
0.001	0.001	0.001	0.997
0.517	0.199	0.001	0.283
0.001	0.001	0.997	0.001
0.001	0.001	0.997	0.001
0.001	0.001	0.963	0.035
0.997	0.001	0.001	0.001
0.001	0.001	0.001	0.997
>GATACATT	3-GATACATT	6.021670	-38.911414	0	T:193.0(23.54%),B:10160.2(12.68%),P:1e-16,FDR:0.2	Tpos:48.4,Tstd:26.7,Bpos:50.2,Bstd:37.1,StrandBias:0.0,Multiplicity:1.03
0.047	0.013	0.780	0.160
0.720	0.056	0.191	0.033
0.108	0.001	0.125	0.766
0.833	0.015	0.090	0.062
0.086	0.702	0.047	0.165
0.744	0.031	0.084	0.141
0.043	0.196	0.126	0.635
0.074	0.078	0.012	0.836
>TRACATTT	4-TRACATTT	5.801041	-33.013921	0	T:58.0(7.07%),B:1695.0(2.12%),P:1e-14,FDR:0.2	Tpos:51.5,Tstd:30.0,Bpos:50.1,Bstd:50.1,StrandBias:0.0,Multiplicity:1.24
0.243	0.048	0.229	0.479
0.376	0.137	0.367	0.120
0.749	0.039	0.131	0.081
0.225	0.627	0.134	0.014
0.726	0.101	0.001	0.172
0.065	0.182	0.081	0.672
0.137	0.140	0.206	0.517
0.127	0.086	0.046	0.741
>GCDCAGGC	5-GCDCAGGC	5.920650	-30.550400	0	T:36.0(4.39%),B:743.0(0.93%),P:1e-13,FDR:0.2	Tpos:52.1,Tstd:27.9,Bpos:50.7,Bstd:58.0,StrandBias:0.0,Multiplicity:1.39
0.095	0.193	0.516	0.196
0.025	0.771	0.203	0.001
0.303	0.001	0.404	0.293
0.046	0.671	0.282	0.001
0.675	0.139	0.001	0.185
0.208	0.001	0.790	0.001
0.287	0.248	0.464	0.002
0.220	0.561	0.149	0.070
>CCGGGAAC	6-CCGGGAAC	7.145100	-22.325318	0	T:47.0(5.73%),B:1581.6(1.97%),P:1e-9,FDR:0.2	Tpos:55.1,Tstd:27.0,Bpos:49.3,Bstd:73.2,StrandBias:0.0,Multiplicity:1.38
0.001	0.997	0.001	0.001
0.001	0.997	0.001	0.001
0.001	0.104	0.771	0.124
0.001	0.001	0.997	0.001
0.001	0.050	0.859	0.090
0.904	0.001	0.001	0.094
0.695	0.269	0.035	0.001
0.192	0.806	0.001	0.001
>GGGVGGGG	7-GGGVGGGG	5.866904	-16.033704	0	T:157.0(19.15%),B:10171.8(12.70%),P:1e-6,FDR:0.2	Tpos:55.4,Tstd:26.7,Bpos:49.8,Bstd:68.2,StrandBias:0.4,Multiplicity:1.89
0.027	0.075	0.833	0.065
0.116	0.028	0.810	0.046
0.085	0.061	0.796	0.058
0.218	0.337	0.265	0.180
0.203	0.055	0.660	0.082
0.085	0.034	0.796	0.085
0.021	0.007	0.959	0.013
0.059	0.032	0.811	0.098
>GAGAGAGA	8-GAGAGAGA	8.236954	-5.800994	0	T:4.0(0.49%),B:57.9(0.07%),P:1e-2,FDR:0.6	Tpos:20.5,Tstd:19.2,Bpos:55.5,Bstd:27.9,StrandBias:3.5,Multiplicity:1.00
0.100	0.100	0.700	0.100
0.700	0.100	0.100	0.100
0.100	0.100	0.700	0.100
0.700	0.100	0.100	0.100
0.100	0.100	0.700	0.100
0.700	0.100	0.100	0.100
0.100	0.100	0.700	0.100
0.700	0.100	0.100	0.100
