>ATCCTATTGA	1-ATCCTATTGA	6.239753	-24.326840	0	T:43.0(22.40%),B:1039.0(7.24%),P:1e-10,FDR:0.2	Tpos:50.1,Tstd:21.7,Bpos:47.9,Bstd:34.0,StrandBias:-0.5,Multiplicity:1.10
0.880	0.001	0.117	0.002
0.085	0.254	0.013	0.648
0.001	0.627	0.087	0.285
0.001	0.986	0.001	0.012
0.085	0.122	0.085	0.708
0.780	0.002	0.032	0.186
0.222	0.001	0.169	0.608
0.267	0.116	0.085	0.532
0.001	0.002	0.769	0.228
0.480	0.170	0.205	0.145
>GCAGTCATTA	2-GCAGTCATTA	5.235480	-19.955438	0	T:21.0(10.94%),B:314.3(2.19%),P:1e-8,FDR:0.3	Tpos:55.0,Tstd:26.4,Bpos:52.1,Bstd:32.9,StrandBias:0.7,Multiplicity:1.00
0.013	0.001	0.985	0.001
0.017	0.682	0.300	0.001
0.964	0.001	0.001	0.034
0.001	0.001	0.603	0.395
0.001	0.001	0.001	0.997
0.001	0.604	0.029	0.366
0.997	0.001	0.001	0.001
0.001	0.024	0.001	0.974
0.256	0.001	0.001	0.742
0.953	0.001	0.045	0.001
>GGTAGTCCAT	3-GGTAGTCCAT	6.444749	-19.558621	0	T:16.0(8.33%),B:177.4(1.24%),P:1e-8,FDR:0.3	Tpos:51.2,Tstd:27.4,Bpos:50.4,Bstd:36.4,StrandBias:0.0,Multiplicity:1.00
0.001	0.001	0.882	0.116
0.001	0.066	0.932	0.001
0.050	0.254	0.001	0.695
0.997	0.001	0.001	0.001
0.001	0.001	0.997	0.001
0.001	0.001	0.001	0.997
0.001	0.997	0.001	0.001
0.001	0.997	0.001	0.001
0.997	0.001	0.001	0.001
0.001	0.001	0.001	0.997
>GTGCAATGGA	4-GTGCAATGGA	8.549523	-18.237271	0	T:21.0(10.94%),B:347.3(2.42%),P:1e-7,FDR:0.3	Tpos:48.9,Tstd:28.4,Bpos:49.1,Bstd:33.0,StrandBias:0.1,Multiplicity:1.00
0.001	0.001	0.835	0.163
0.319	0.001	0.164	0.516
0.001	0.287	0.548	0.164
0.218	0.780	0.001	0.001
0.835	0.163	0.001	0.001
0.591	0.173	0.072	0.164
0.001	0.001	0.062	0.936
0.001	0.001	0.997	0.001
0.001	0.001	0.997	0.001
0.997	0.001	0.001	0.001
>ACATTKCTGT	5-ACATTKCTGT	9.693128	-16.391498	0	T:15.0(7.81%),B:194.0(1.35%),P:1e-7,FDR:0.36	Tpos:41.6,Tstd:26.6,Bpos:49.9,Bstd:33.7,StrandBias:1.7,Multiplicity:1.13
0.606	0.207	0.001	0.186
0.001	0.997	0.001	0.001
0.584	0.414	0.001	0.001
0.001	0.001	0.006	0.992
0.001	0.092	0.336	0.571
0.119	0.001	0.489	0.391
0.001	0.997	0.001	0.001
0.001	0.001	0.001	0.997
0.001	0.372	0.626	0.001
0.001	0.080	0.175	0.744
>TATGASAGTA	6-TATGASAGTA	6.031318	-14.377344	0	T:64.0(33.33%),B:2639.6(18.40%),P:1e-6,FDR:0.533333333333333	Tpos:45.8,Tstd:27.9,Bpos:49.5,Bstd:38.2,StrandBias:0.4,Multiplicity:1.30
0.146	0.119	0.119	0.616
0.665	0.076	0.152	0.107
0.320	0.001	0.073	0.606
0.001	0.009	0.917	0.073
0.869	0.001	0.012	0.118
0.086	0.529	0.384	0.001
0.922	0.001	0.075	0.002
0.293	0.019	0.570	0.118
0.227	0.122	0.022	0.629
0.692	0.059	0.171	0.078
>TTTTTTTTTT	7-TTTTTTTTTT	10.454147	-9.449569	0	T:7.0(3.65%),B:75.8(0.53%),P:1e-4,FDR:0.6	Tpos:40.2,Tstd:12.7,Bpos:55.3,Bstd:30.7,StrandBias:-3.8,Multiplicity:1.00
0.001	0.091	0.001	0.907
0.001	0.001	0.001	0.997
0.001	0.001	0.048	0.950
0.001	0.001	0.032	0.966
0.001	0.001	0.001	0.997
0.001	0.001	0.001	0.997
0.001	0.001	0.001	0.997
0.001	0.097	0.001	0.901
0.001	0.001	0.062	0.936
0.001	0.001	0.054	0.944
