>TTCCATATCCTC	1-TTCCATATCCTC	9.098245	-14.880408	0	T:15.0(1.83%),B:373.0(0.35%),P:1e-6	Tpos:50.8,Tstd:25.2,Bpos:54.2,Bstd:25.3,StrandBias:0.7,Multiplicity:1.07
0.001	0.031	0.001	0.967
0.001	0.001	0.056	0.942
0.001	0.727	0.001	0.271
0.001	0.997	0.001	0.001
0.707	0.291	0.001	0.001
0.271	0.001	0.001	0.727
0.634	0.001	0.022	0.343
0.001	0.001	0.001	0.997
0.001	0.928	0.001	0.070
0.001	0.997	0.001	0.001
0.001	0.001	0.001	0.997
0.019	0.544	0.353	0.084
>TAGCTCCTTCAC	2-TAGCTCCTTCAC	9.140254	-14.010219	0	T:20.0(2.44%),B:696.0(0.65%),P:1e-6	Tpos:52.0,Tstd:23.0,Bpos:50.0,Bstd:25.0,StrandBias:0.6,Multiplicity:1.00
0.001	0.001	0.001	0.997
0.997	0.001	0.001	0.001
0.001	0.001	0.942	0.056
0.001	0.997	0.001	0.001
0.001	0.001	0.001	0.997
0.001	0.997	0.001	0.001
0.001	0.918	0.001	0.080
0.001	0.001	0.001	0.997
0.001	0.001	0.001	0.997
0.001	0.997	0.001	0.001
0.899	0.099	0.001	0.001
0.001	0.730	0.001	0.268
>TTTGTTTGTTTT	3-TTTGTTTGTTTT	11.995953	-13.005764	0	T:8.0(0.98%),B:106.0(0.10%),P:1e-5	Tpos:61.7,Tstd:24.2,Bpos:44.7,Bstd:26.1,StrandBias:-1.2,Multiplicity:1.12
0.001	0.198	0.043	0.758
0.001	0.001	0.195	0.803
0.001	0.001	0.203	0.795
0.001	0.078	0.814	0.107
0.001	0.046	0.198	0.755
0.001	0.001	0.001	0.997
0.001	0.001	0.001	0.997
0.001	0.046	0.655	0.298
0.102	0.001	0.032	0.865
0.001	0.001	0.028	0.970
0.001	0.001	0.049	0.949
0.001	0.001	0.344	0.654
>TTGGAAGCTAAT	4-TTGGAAGCTAAT	10.594453	-12.031727	0	T:7.0(0.85%),B:86.0(0.08%),P:1e-5	Tpos:66.6,Tstd:26.3,Bpos:73.2,Bstd:22.7,StrandBias:-2.6,Multiplicity:1.00
0.001	0.001	0.001	0.997
0.001	0.001	0.001	0.997
0.001	0.001	0.997	0.001
0.001	0.110	0.888	0.001
0.997	0.001	0.001	0.001
0.997	0.001	0.001	0.001
0.001	0.110	0.888	0.001
0.001	0.997	0.001	0.001
0.001	0.202	0.001	0.796
0.997	0.001	0.001	0.001
0.997	0.001	0.001	0.001
0.001	0.001	0.001	0.997
>CAGGGATGGTTT	5-CAGGGATGGTTT	8.707019	-9.726795	0	T:29.0(3.54%),B:1670.0(1.56%),P:1e-4	Tpos:56.5,Tstd:24.9,Bpos:52.0,Bstd:27.5,StrandBias:-0.1,Multiplicity:1.07
0.107	0.891	0.001	0.001
0.945	0.001	0.001	0.053
0.001	0.001	0.933	0.065
0.001	0.013	0.847	0.139
0.247	0.001	0.751	0.001
0.934	0.001	0.001	0.064
0.217	0.001	0.139	0.643
0.001	0.001	0.997	0.001
0.001	0.001	0.934	0.064
0.248	0.140	0.140	0.473
0.107	0.001	0.001	0.891
0.139	0.077	0.001	0.783
