>GACADAGWCTAA	1-GACADAGWCTAA	10.646435	-15.416828	0	T:18.0(2.20%),B:518.0(0.48%),P:1e-6	Tpos:52.4,Tstd:26.4,Bpos:46.6,Bstd:27.0,StrandBias:1.0,Multiplicity:1.00
0.001	0.160	0.691	0.148
0.770	0.001	0.228	0.001
0.001	0.879	0.001	0.119
0.997	0.001	0.001	0.001
0.328	0.001	0.297	0.374
0.997	0.001	0.001	0.001
0.001	0.001	0.986	0.012
0.473	0.054	0.088	0.384
0.175	0.823	0.001	0.001
0.075	0.001	0.001	0.923
0.945	0.053	0.001	0.001
0.997	0.001	0.001	0.001
>CCAWCKCAACAC	2-CCAWCKCAACAC	12.988705	-14.737521	0	T:11.0(1.34%),B:190.0(0.18%),P:1e-6	Tpos:52.0,Tstd:20.1,Bpos:47.4,Bstd:22.8,StrandBias:-0.3,Multiplicity:1.00
0.001	0.997	0.001	0.001
0.001	0.997	0.001	0.001
0.664	0.001	0.334	0.001
0.446	0.001	0.001	0.552
0.402	0.596	0.001	0.001
0.001	0.001	0.446	0.552
0.001	0.997	0.001	0.001
0.997	0.001	0.001	0.001
0.997	0.001	0.001	0.001
0.001	0.997	0.001	0.001
0.997	0.001	0.001	0.001
0.001	0.997	0.001	0.001
>AACAGRRAAGTA	3-AACAGRRAAGTA	10.251878	-14.204726	0	T:9.0(1.10%),B:123.0(0.12%),P:1e-6	Tpos:35.2,Tstd:12.3,Bpos:49.8,Bstd:23.9,StrandBias:0.3,Multiplicity:1.00
0.997	0.001	0.001	0.001
0.997	0.001	0.001	0.001
0.014	0.782	0.203	0.001
0.997	0.001	0.001	0.001
0.228	0.001	0.748	0.023
0.471	0.001	0.527	0.001
0.527	0.001	0.471	0.001
0.997	0.001	0.001	0.001
0.771	0.001	0.227	0.001
0.019	0.001	0.979	0.001
0.001	0.015	0.203	0.781
0.997	0.001	0.001	0.001
>TGGGAAAGGTCC	4-TGGGAAAGGTCC	8.487903	-14.075400	0	T:20.0(2.44%),B:693.0(0.65%),P:1e-6	Tpos:42.0,Tstd:27.2,Bpos:45.7,Bstd:24.9,StrandBias:-1.0,Multiplicity:1.05
0.184	0.084	0.056	0.676
0.083	0.056	0.860	0.001
0.141	0.001	0.730	0.128
0.100	0.001	0.895	0.004
0.735	0.001	0.263	0.001
0.876	0.001	0.083	0.040
0.802	0.072	0.072	0.054
0.263	0.072	0.664	0.001
0.046	0.072	0.604	0.278
0.055	0.128	0.084	0.733
0.167	0.701	0.081	0.051
0.056	0.743	0.084	0.117
>TACTKTGTSCAA	5-TACTKTGTSCAA	11.162343	-12.492872	0	T:13.0(1.59%),B:342.0(0.32%),P:1e-5	Tpos:44.9,Tstd:34.5,Bpos:52.2,Bstd:27.2,StrandBias:0.2,Multiplicity:1.00
0.001	0.001	0.248	0.750
0.997	0.001	0.001	0.001
0.165	0.779	0.055	0.001
0.001	0.001	0.001	0.997
0.001	0.001	0.543	0.455
0.001	0.001	0.001	0.997
0.165	0.001	0.833	0.001
0.248	0.001	0.001	0.750
0.001	0.484	0.514	0.001
0.001	0.997	0.001	0.001
0.997	0.001	0.001	0.001
0.997	0.001	0.001	0.001
