>YGGCYGSC	1-YGGCYGSC	6.471940	-15.535097	0	T:21.0(10.94%),B:422.0(2.85%),P:1e-6	Tpos:47.9,Tstd:25.1,Bpos:49.9,Bstd:28.6,StrandBias:0.1,Multiplicity:1.00
0.012	0.485	0.155	0.348
0.001	0.112	0.885	0.002
0.067	0.189	0.629	0.115
0.036	0.758	0.205	0.001
0.005	0.507	0.036	0.452
0.283	0.001	0.715	0.001
0.003	0.524	0.472	0.001
0.001	0.891	0.005	0.103
>TTACTCCC	2-TTACTCCC	7.846685	-13.877866	0	T:27.0(14.06%),B:727.0(4.90%),P:1e-6	Tpos:57.4,Tstd:27.4,Bpos:51.6,Bstd:28.2,StrandBias:0.4,Multiplicity:1.04
0.001	0.057	0.001	0.941
0.001	0.040	0.001	0.958
0.882	0.001	0.001	0.116
0.001	0.969	0.029	0.001
0.099	0.001	0.001	0.899
0.066	0.904	0.029	0.001
0.001	0.633	0.001	0.365
0.104	0.894	0.001	0.001
>CATGTGGC	3-CATGTGGC	5.129019	-13.309540	0	T:55.0(28.65%),B:2260.0(15.24%),P:1e-5	Tpos:47.4,Tstd:27.8,Bpos:49.4,Bstd:28.7,StrandBias:0.3,Multiplicity:1.15
0.066	0.833	0.036	0.065
0.628	0.144	0.110	0.118
0.103	0.090	0.089	0.718
0.075	0.095	0.654	0.176
0.028	0.014	0.086	0.872
0.089	0.116	0.712	0.083
0.081	0.062	0.775	0.082
0.060	0.818	0.041	0.081
>TCTCACGT	4-TCTCACGT	7.070656	-12.501726	0	T:19.0(9.90%),B:428.0(2.89%),P:1e-5	Tpos:51.0,Tstd:28.3,Bpos:51.2,Bstd:28.2,StrandBias:0.3,Multiplicity:1.05
0.001	0.001	0.001	0.997
0.050	0.948	0.001	0.001
0.001	0.001	0.240	0.758
0.001	0.997	0.001	0.001
0.864	0.134	0.001	0.001
0.001	0.997	0.001	0.001
0.202	0.166	0.631	0.001
0.001	0.121	0.001	0.877
>TCATTACA	5-TCATTACA	6.605011	-9.574803	0	T:13.0(6.77%),B:274.0(1.85%),P:1e-4	Tpos:54.6,Tstd:28.8,Bpos:50.6,Bstd:25.9,StrandBias:0.4,Multiplicity:1.08
0.001	0.128	0.001	0.870
0.374	0.529	0.096	0.001
0.739	0.104	0.035	0.122
0.001	0.100	0.001	0.898
0.070	0.056	0.001	0.873
0.710	0.164	0.040	0.086
0.051	0.947	0.001	0.001
0.632	0.031	0.132	0.205
