>TSWCYAATTG	1-TSWCYAATTG	9.173646	-17.980550	0	T:7.0(3.65%),B:21.0(0.14%),P:1e-7	Tpos:74.9,Tstd:17.0,Bpos:65.0,Bstd:25.3,StrandBias:1.3,Multiplicity:1.00
0.033	0.001	0.001	0.965
0.001	0.456	0.542	0.001
0.538	0.001	0.001	0.460
0.001	0.997	0.001	0.001
0.001	0.546	0.001	0.452
0.997	0.001	0.001	0.001
0.997	0.001	0.001	0.001
0.001	0.102	0.001	0.896
0.001	0.001	0.001	0.997
0.001	0.001	0.997	0.001
>TTTAGCCAAT	2-TTTAGCCAAT	10.296193	-14.857341	0	T:3.0(1.56%),B:1.0(0.01%),P:1e-6	Tpos:66.7,Tstd:19.3,Bpos:84.0,Bstd:0.0,StrandBias:10.0,Multiplicity:1.00
0.100	0.100	0.100	0.700
0.100	0.100	0.100	0.700
0.100	0.100	0.100	0.700
0.700	0.100	0.100	0.100
0.100	0.100	0.700	0.100
0.100	0.700	0.100	0.100
0.100	0.700	0.100	0.100
0.700	0.100	0.100	0.100
0.700	0.100	0.100	0.100
0.100	0.100	0.100	0.700
>CTATTCCTCA	3-CTATTCCTCA	10.660814	-14.370772	0	T:7.0(3.65%),B:36.0(0.24%),P:1e-6	Tpos:52.2,Tstd:22.6,Bpos:51.8,Bstd:30.0,StrandBias:0.7,Multiplicity:1.14
0.001	0.901	0.001	0.097
0.001	0.001	0.001	0.997
0.836	0.001	0.001	0.162
0.192	0.001	0.001	0.806
0.001	0.001	0.001	0.997
0.001	0.806	0.001	0.192
0.001	0.997	0.001	0.001
0.001	0.001	0.114	0.884
0.001	0.997	0.001	0.001
0.884	0.001	0.001	0.114
>AACAAAGAAA	4-AACAAAGAAA	7.951623	-11.920434	0	T:13.0(6.77%),B:218.0(1.47%),P:1e-5	Tpos:40.9,Tstd:22.1,Bpos:51.9,Bstd:26.7,StrandBias:-0.4,Multiplicity:1.08
0.681	0.317	0.001	0.001
0.997	0.001	0.001	0.001
0.001	0.789	0.209	0.001
0.997	0.001	0.001	0.001
0.894	0.001	0.001	0.104
0.752	0.001	0.246	0.001
0.001	0.284	0.627	0.088
0.997	0.001	0.001	0.001
0.565	0.001	0.037	0.397
0.997	0.001	0.001	0.001
>WAKGSATGSC	5-WAKGSATGSC	9.335088	-11.580601	0	T:3.0(1.56%),B:3.0(0.02%),P:1e-5	Tpos:55.3,Tstd:20.2,Bpos:46.0,Bstd:13.5,StrandBias:-1.0,Multiplicity:1.00
0.567	0.001	0.001	0.431
0.591	0.001	0.407	0.001
0.135	0.001	0.504	0.360
0.001	0.001	0.997	0.001
0.001	0.389	0.432	0.177
0.862	0.001	0.136	0.001
0.001	0.114	0.001	0.884
0.043	0.001	0.788	0.168
0.001	0.387	0.485	0.127
0.358	0.510	0.001	0.131
