>ATGGTTGTAGAG	1-ATGGTTGTAGAG	10.865410	-18.659351	0	T:7.0(3.65%),B:19.0(0.13%),P:1e-8	Tpos:39.6,Tstd:20.8,Bpos:45.7,Bstd:22.9,StrandBias:0.4,Multiplicity:1.00
0.489	0.236	0.001	0.274
0.001	0.001	0.001	0.997
0.236	0.001	0.762	0.001
0.001	0.016	0.982	0.001
0.237	0.001	0.001	0.761
0.001	0.253	0.257	0.489
0.001	0.236	0.762	0.001
0.001	0.001	0.016	0.982
0.746	0.001	0.001	0.252
0.001	0.001	0.997	0.001
0.997	0.001	0.001	0.001
0.236	0.001	0.510	0.253
>GTTAYCAGRTAA	2-GTTAYCAGRTAA	6.392354	-17.336435	0	T:42.0(21.88%),B:1303.0(8.79%),P:1e-7	Tpos:44.4,Tstd:26.1,Bpos:51.0,Bstd:25.6,StrandBias:0.0,Multiplicity:1.12
0.047	0.057	0.575	0.321
0.166	0.250	0.002	0.582
0.001	0.210	0.054	0.735
0.577	0.275	0.147	0.001
0.128	0.404	0.139	0.329
0.037	0.961	0.001	0.001
0.797	0.001	0.001	0.201
0.054	0.282	0.663	0.001
0.413	0.258	0.274	0.055
0.001	0.267	0.112	0.620
0.795	0.035	0.083	0.087
0.582	0.190	0.056	0.172
>CCCWGYARCCCC	3-CCCWGYARCCCC	9.057210	-16.784686	0	T:16.0(8.33%),B:224.0(1.51%),P:1e-7	Tpos:47.7,Tstd:21.6,Bpos:51.6,Bstd:25.8,StrandBias:-0.2,Multiplicity:1.06
0.001	0.997	0.001	0.001
0.001	0.997	0.001	0.001
0.167	0.737	0.001	0.095
0.557	0.004	0.001	0.438
0.001	0.001	0.948	0.050
0.095	0.409	0.206	0.290
0.542	0.095	0.006	0.357
0.384	0.005	0.421	0.190
0.004	0.900	0.001	0.095
0.001	0.614	0.001	0.384
0.001	0.904	0.094	0.001
0.001	0.714	0.001	0.284
>TCTBTAAGCTTT	4-TCTBTAAGCTTT	7.819037	-16.181243	0	T:23.0(11.98%),B:482.0(3.25%),P:1e-7	Tpos:62.6,Tstd:23.1,Bpos:48.5,Bstd:23.3,StrandBias:0.2,Multiplicity:1.04
0.001	0.189	0.001	0.809
0.236	0.669	0.094	0.001
0.083	0.049	0.083	0.785
0.062	0.268	0.276	0.393
0.093	0.001	0.006	0.900
0.778	0.088	0.103	0.031
0.784	0.001	0.214	0.001
0.133	0.031	0.812	0.024
0.001	0.776	0.001	0.222
0.083	0.107	0.001	0.809
0.153	0.084	0.094	0.669
0.136	0.031	0.001	0.832
>GWRCACMGCARA	5-GWRCACMGCARA	11.131549	-11.898841	0	T:4.0(2.08%),B:9.0(0.06%),P:1e-5	Tpos:49.2,Tstd:23.8,Bpos:43.3,Bstd:16.8,StrandBias:0.0,Multiplicity:1.00
0.001	0.001	0.997	0.001
0.448	0.001	0.026	0.525
0.550	0.001	0.448	0.001
0.001	0.997	0.001	0.001
0.997	0.001	0.001	0.001
0.001	0.997	0.001	0.001
0.448	0.550	0.001	0.001
0.037	0.001	0.961	0.001
0.001	0.997	0.001	0.001
0.997	0.001	0.001	0.001
0.448	0.001	0.550	0.001
0.997	0.001	0.001	0.001
