>AMATACGA	1-AMATACGA	6.550807	-24.934304	0	T:35.0(1.00%),B:29.0(0.25%),P:1e-10	Tpos:50.5,Tstd:28.8,Bpos:49.7,Bstd:27.8,StrandBias:-0.2,Multiplicity:1.00
0.556	0.105	0.001	0.338
0.476	0.359	0.108	0.056
0.710	0.062	0.059	0.169
0.279	0.001	0.236	0.484
0.511	0.308	0.001	0.180
0.001	0.997	0.001	0.001
0.001	0.001	0.997	0.001
0.597	0.001	0.001	0.401
>AWAGAAKA	2-AWAGAAKA	5.350642	-21.491983	0	T:687.0(19.66%),B:1835.0(15.76%),P:1e-9	Tpos:49.7,Tstd:27.5,Bpos:49.7,Bstd:27.9,StrandBias:0.0,Multiplicity:1.13
0.554	0.033	0.277	0.136
0.384	0.090	0.161	0.365
0.724	0.023	0.031	0.222
0.051	0.016	0.689	0.244
0.772	0.174	0.027	0.027
0.706	0.051	0.001	0.242
0.052	0.052	0.447	0.450
0.739	0.048	0.190	0.023
>TTGSCMAA	3-TTGSCMAA	6.489061	-14.455753	0	T:50.0(1.43%),B:76.0(0.65%),P:1e-6	Tpos:53.9,Tstd:25.4,Bpos:51.1,Bstd:26.6,StrandBias:0.1,Multiplicity:1.02
0.033	0.001	0.001	0.965
0.001	0.001	0.001	0.997
0.001	0.001	0.997	0.001
0.001	0.574	0.424	0.001
0.001	0.997	0.001	0.001
0.538	0.460	0.001	0.001
0.997	0.001	0.001	0.001
0.997	0.001	0.001	0.001
>CTGTGTCA	4-CTGTGTCA	8.888955	-12.684467	0	T:11.0(0.31%),B:6.0(0.05%),P:1e-5	Tpos:53.2,Tstd:27.2,Bpos:30.8,Bstd:19.5,StrandBias:0.3,Multiplicity:1.00
0.001	0.997	0.001	0.001
0.001	0.113	0.001	0.885
0.001	0.001	0.997	0.001
0.001	0.001	0.001	0.997
0.001	0.001	0.997	0.001
0.001	0.001	0.001	0.997
0.001	0.997	0.001	0.001
0.997	0.001	0.001	0.001
>AGCTGATA	5-AGCTGATA	6.557426	-11.228778	0	T:90.0(2.58%),B:186.0(1.60%),P:1e-4	Tpos:51.0,Tstd:26.6,Bpos:51.0,Bstd:27.4,StrandBias:0.1,Multiplicity:1.18
0.816	0.077	0.106	0.001
0.001	0.001	0.997	0.001
0.095	0.903	0.001	0.001
0.001	0.001	0.001	0.997
0.001	0.001	0.997	0.001
0.997	0.001	0.001	0.001
0.001	0.001	0.001	0.997
0.884	0.001	0.114	0.001
>AATAGTCA	6-AATAGTCA	8.236954	-10.318163	0	T:19.0(0.54%),B:21.0(0.18%),P:1e-4	Tpos:47.1,Tstd:29.4,Bpos:45.0,Bstd:29.0,StrandBias:1.1,Multiplicity:1.00
0.700	0.100	0.100	0.100
0.700	0.100	0.100	0.100
0.100	0.100	0.100	0.700
0.700	0.100	0.100	0.100
0.100	0.100	0.700	0.100
0.100	0.100	0.100	0.700
0.100	0.700	0.100	0.100
0.700	0.100	0.100	0.100
>ACTTAGCG	7-ACTTAGCG	8.236954	-10.157377	0	T:6.0(0.17%),B:2.0(0.02%),P:1e-4	Tpos:59.3,Tstd:25.1,Bpos:79.0,Bstd:1.0,StrandBias:0.0,Multiplicity:1.00
0.700	0.100	0.100	0.100
0.100	0.700	0.100	0.100
0.100	0.100	0.100	0.700
0.100	0.100	0.100	0.700
0.700	0.100	0.100	0.100
0.100	0.100	0.700	0.100
0.100	0.700	0.100	0.100
0.100	0.100	0.700	0.100
>GACAGACA	8-GACAGACA	8.236954	-6.866398	0	T:20.0(0.57%),B:30.0(0.26%),P:1e-2	Tpos:44.3,Tstd:28.7,Bpos:51.9,Bstd:25.0,StrandBias:-0.6,Multiplicity:1.65
0.100	0.100	0.700	0.100
0.700	0.100	0.100	0.100
0.100	0.700	0.100	0.100
0.700	0.100	0.100	0.100
0.100	0.100	0.700	0.100
0.700	0.100	0.100	0.100
0.100	0.700	0.100	0.100
0.700	0.100	0.100	0.100
