>GCAAAACCAT	1-GCAAAACCAT	10.487038	-27.271247	0	T:13.0(2.81%),B:3.0(0.16%),P:1e-11	Tpos:47.4,Tstd:23.2,Bpos:48.0,Bstd:27.0,StrandBias:0.2,Multiplicity:1.00
0.001	0.001	0.997	0.001
0.089	0.909	0.001	0.001
0.997	0.001	0.001	0.001
0.632	0.001	0.366	0.001
0.909	0.089	0.001	0.001
0.819	0.001	0.090	0.090
0.001	0.997	0.001	0.001
0.001	0.997	0.001	0.001
0.909	0.089	0.001	0.001
0.001	0.001	0.089	0.909
>GGAATTAGAT	2-GGAATTAGAT	7.962453	-27.271247	0	T:13.0(2.81%),B:3.0(0.16%),P:1e-11	Tpos:52.7,Tstd:25.6,Bpos:72.3,Bstd:10.1,StrandBias:0.8,Multiplicity:1.08
0.101	0.051	0.847	0.001
0.051	0.051	0.897	0.001
0.745	0.102	0.102	0.051
0.638	0.102	0.153	0.107
0.158	0.001	0.051	0.790
0.102	0.102	0.006	0.790
0.796	0.001	0.152	0.051
0.153	0.051	0.740	0.056
0.847	0.051	0.051	0.051
0.051	0.005	0.001	0.943
>ACTGAATGCA	3-ACTGAATGCA	8.436729	-27.271247	0	T:13.0(2.81%),B:3.0(0.16%),P:1e-11	Tpos:68.3,Tstd:21.4,Bpos:57.0,Bstd:0.0,StrandBias:1.0,Multiplicity:1.00
0.862	0.136	0.001	0.001
0.068	0.719	0.077	0.136
0.281	0.001	0.001	0.717
0.001	0.001	0.931	0.067
0.997	0.001	0.001	0.001
0.727	0.136	0.001	0.136
0.077	0.001	0.273	0.649
0.001	0.136	0.786	0.077
0.001	0.795	0.136	0.068
0.862	0.136	0.001	0.001
>CTCCTYGAGG	4-CTCCTYGAGG	9.320718	-19.651173	0	T:9.0(1.95%),B:2.0(0.11%),P:1e-8	Tpos:60.7,Tstd:20.9,Bpos:48.0,Bstd:36.0,StrandBias:-0.3,Multiplicity:1.00
0.001	0.885	0.001	0.113
0.001	0.001	0.001	0.997
0.001	0.772	0.124	0.103
0.001	0.997	0.001	0.001
0.001	0.216	0.001	0.782
0.010	0.565	0.001	0.424
0.240	0.209	0.437	0.114
0.997	0.001	0.001	0.001
0.001	0.001	0.895	0.103
0.207	0.103	0.689	0.001
>AGATGCCCCT	5-AGATGCCCCT	10.913064	-18.845482	0	T:10.0(2.16%),B:3.0(0.16%),P:1e-8	Tpos:50.4,Tstd:28.6,Bpos:58.7,Bstd:18.9,StrandBias:0.0,Multiplicity:1.00
0.874	0.001	0.124	0.001
0.001	0.001	0.997	0.001
0.749	0.125	0.001	0.125
0.001	0.001	0.001	0.997
0.001	0.124	0.874	0.001
0.001	0.997	0.001	0.001
0.001	0.874	0.001	0.124
0.001	0.997	0.001	0.001
0.125	0.749	0.001	0.125
0.001	0.001	0.001	0.997
>ACTCAGCAGA	6-ACTCAGCAGA	6.123298	-16.269273	0	T:109.0(23.59%),B:268.0(14.35%),P:1e-7	Tpos:47.7,Tstd:25.9,Bpos:49.0,Bstd:26.0,StrandBias:-0.4,Multiplicity:1.27
0.696	0.135	0.072	0.097
0.144	0.715	0.090	0.051
0.038	0.066	0.001	0.895
0.078	0.758	0.163	0.001
0.909	0.017	0.024	0.050
0.057	0.033	0.831	0.079
0.050	0.814	0.103	0.033
0.814	0.043	0.050	0.093
0.083	0.050	0.834	0.033
0.744	0.067	0.090	0.099
>GACAVTGTCC	7-GACAVTGTCC	9.852610	-13.127743	0	T:11.0(2.38%),B:7.0(0.37%),P:1e-5	Tpos:63.1,Tstd:19.8,Bpos:62.1,Bstd:26.3,StrandBias:-0.2,Multiplicity:1.00
0.001	0.001	0.997	0.001
0.851	0.074	0.074	0.001
0.001	0.997	0.001	0.001
0.997	0.001	0.001	0.001
0.298	0.314	0.314	0.074
0.001	0.001	0.001	0.997
0.001	0.073	0.925	0.001
0.001	0.001	0.001	0.997
0.001	0.997	0.001	0.001
0.001	0.997	0.001	0.001
>CTCTCTCTCT	8-CTCTCTCTCT	10.961485	-4.966150	0	T:4.0(0.87%),B:3.0(0.16%),P:1e-2	Tpos:46.8,Tstd:23.9,Bpos:73.3,Bstd:24.4,StrandBias:0.5,Multiplicity:1.00
0.001	0.928	0.070	0.001
0.001	0.001	0.001	0.997
0.001	0.928	0.070	0.001
0.001	0.001	0.001	0.997
0.001	0.997	0.001	0.001
0.001	0.001	0.001	0.997
0.001	0.928	0.070	0.001
0.001	0.001	0.001	0.997
0.001	0.928	0.001	0.070
0.001	0.001	0.001	0.997
