>CAYAAAAGCTGT	1-CAYAAAAGCTGT	9.833890	-34.885580	0	T:17.0(3.68%),B:4.0(0.21%),P:1e-15	Tpos:53.6,Tstd:25.3,Bpos:25.5,Bstd:20.4,StrandBias:-1.3,Multiplicity:1.00
0.130	0.608	0.001	0.261
0.997	0.001	0.001	0.001
0.131	0.324	0.154	0.392
0.868	0.001	0.001	0.130
0.868	0.001	0.130	0.001
0.997	0.001	0.001	0.001
0.975	0.001	0.023	0.001
0.001	0.153	0.845	0.001
0.001	0.997	0.001	0.001
0.001	0.001	0.001	0.997
0.023	0.391	0.585	0.001
0.001	0.130	0.001	0.868
>GRGGAGGAAATA	2-GRGGAGGAAATA	11.689811	-29.392900	0	T:10.0(2.16%),B:1.0(0.05%),P:1e-12	Tpos:47.1,Tstd:31.8,Bpos:11.0,Bstd:0.0,StrandBias:0.6,Multiplicity:1.00
0.215	0.215	0.569	0.001
0.569	0.001	0.429	0.001
0.001	0.001	0.997	0.001
0.001	0.001	0.997	0.001
0.997	0.001	0.001	0.001
0.215	0.232	0.552	0.001
0.231	0.001	0.767	0.001
0.997	0.001	0.001	0.001
0.997	0.001	0.001	0.001
0.997	0.001	0.001	0.001
0.215	0.268	0.053	0.464
0.997	0.001	0.001	0.001
>TTCAATGCCTGA	3-TTCAATGCCTGA	11.560996	-24.378868	0	T:12.0(2.60%),B:3.0(0.16%),P:1e-10	Tpos:38.3,Tstd:22.0,Bpos:37.3,Bstd:22.5,StrandBias:-1.0,Multiplicity:1.00
0.001	0.300	0.150	0.549
0.001	0.001	0.001	0.997
0.149	0.849	0.001	0.001
0.849	0.149	0.001	0.001
0.849	0.149	0.001	0.001
0.001	0.001	0.313	0.685
0.001	0.164	0.778	0.057
0.001	0.997	0.001	0.001
0.001	0.997	0.001	0.001
0.001	0.149	0.001	0.849
0.001	0.149	0.849	0.001
0.849	0.001	0.149	0.001
>AGDGCTCWGAGG	4-AGDGCTCWGAGG	12.100902	-17.623388	0	T:14.0(3.03%),B:8.0(0.43%),P:1e-7	Tpos:50.4,Tstd:23.0,Bpos:59.9,Bstd:21.3,StrandBias:1.0,Multiplicity:1.29
0.640	0.001	0.358	0.001
0.001	0.402	0.596	0.001
0.318	0.001	0.323	0.359
0.001	0.001	0.997	0.001
0.001	0.725	0.001	0.273
0.001	0.001	0.001	0.997
0.001	0.997	0.001	0.001
0.546	0.001	0.001	0.452
0.005	0.001	0.993	0.001
0.915	0.001	0.049	0.035
0.001	0.001	0.997	0.001
0.292	0.001	0.706	0.001
>TCCACCATGGAA	5-TCCACCATGGAA	12.380513	-12.055040	0	T:9.0(1.95%),B:5.0(0.27%),P:1e-5	Tpos:44.6,Tstd:26.5,Bpos:40.7,Bstd:24.0,StrandBias:2.6,Multiplicity:1.56
0.273	0.001	0.001	0.725
0.001	0.725	0.001	0.273
0.001	0.997	0.001	0.001
0.563	0.066	0.001	0.370
0.001	0.997	0.001	0.001
0.001	0.997	0.001	0.001
0.725	0.001	0.001	0.273
0.001	0.001	0.001	0.997
0.001	0.001	0.997	0.001
0.001	0.001	0.997	0.001
0.725	0.273	0.001	0.001
0.997	0.001	0.001	0.001
>GGGGGGGGGTTG	6-GGGGGGGGGTTG	9.901178	-11.997818	0	T:5.0(1.08%),B:1.0(0.05%),P:1e-5	Tpos:59.3,Tstd:16.7,Bpos:69.0,Bstd:0.0,StrandBias:1.0,Multiplicity:1.00
0.124	0.040	0.711	0.125
0.132	0.059	0.677	0.132
0.150	0.029	0.667	0.154
0.110	0.051	0.725	0.114
0.106	0.077	0.656	0.161
0.168	0.044	0.704	0.084
0.135	0.055	0.675	0.135
0.110	0.088	0.707	0.095
0.091	0.106	0.649	0.154
0.084	0.146	0.191	0.579
0.128	0.051	0.183	0.638
0.092	0.095	0.615	0.198
>TATACACAAATA	7-TATACACAAATA	8.439350	-11.997818	0	T:5.0(1.08%),B:1.0(0.05%),P:1e-5	Tpos:38.6,Tstd:19.9,Bpos:90.0,Bstd:0.0,StrandBias:-0.3,Multiplicity:1.20
0.001	0.001	0.001	0.997
0.997	0.001	0.001	0.001
0.001	0.001	0.001	0.997
0.997	0.001	0.001	0.001
0.001	0.624	0.001	0.374
0.997	0.001	0.001	0.001
0.022	0.625	0.001	0.352
0.997	0.001	0.001	0.001
0.752	0.001	0.001	0.246
0.977	0.001	0.021	0.001
0.246	0.001	0.001	0.752
0.945	0.001	0.001	0.053
>CACCACCACCAC	8-CACCACCACCAC	11.122748	-11.252115	0	T:6.0(1.30%),B:2.0(0.11%),P:1e-4	Tpos:69.7,Tstd:17.7,Bpos:21.0,Bstd:6.0,StrandBias:-1.2,Multiplicity:1.17
0.207	0.677	0.001	0.115
0.884	0.001	0.001	0.114
0.001	0.793	0.103	0.103
0.103	0.885	0.001	0.011
0.895	0.001	0.001	0.103
0.001	0.997	0.001	0.001
0.103	0.689	0.001	0.207
0.793	0.103	0.103	0.001
0.001	0.997	0.001	0.001
0.322	0.574	0.001	0.103
0.885	0.011	0.001	0.103
0.001	0.997	0.001	0.001
