>TTTTATGA	1-TTTTATGA	7.172515	-24.027843	0	T:29.0(6.28%),B:26.0(1.39%),P:1e-10	Tpos:57.6,Tstd:25.9,Bpos:60.3,Bstd:24.9,StrandBias:-0.3,Multiplicity:1.00
0.102	0.001	0.001	0.896
0.001	0.001	0.001	0.997
0.001	0.239	0.001	0.759
0.001	0.001	0.001	0.997
0.997	0.001	0.001	0.001
0.001	0.001	0.001	0.997
0.001	0.001	0.828	0.170
0.997	0.001	0.001	0.001
>GAGCAAAG	2-GAGCAAAG	7.891780	-21.873836	0	T:23.0(4.98%),B:18.0(0.96%),P:1e-9	Tpos:57.4,Tstd:23.9,Bpos:47.6,Bstd:25.7,StrandBias:-0.4,Multiplicity:1.00
0.001	0.001	0.962	0.036
0.747	0.215	0.001	0.037
0.001	0.042	0.956	0.001
0.001	0.784	0.001	0.214
0.997	0.001	0.001	0.001
0.864	0.001	0.001	0.134
0.569	0.215	0.001	0.215
0.001	0.001	0.997	0.001
>GCTTTGTA	3-GCTTTGTA	5.007297	-21.311936	0	T:134.0(29.00%),B:325.0(17.40%),P:1e-9	Tpos:50.5,Tstd:26.7,Bpos:50.0,Bstd:27.3,StrandBias:-0.0,Multiplicity:1.20
0.072	0.101	0.771	0.056
0.073	0.808	0.049	0.070
0.077	0.022	0.042	0.859
0.072	0.081	0.029	0.818
0.159	0.137	0.096	0.608
0.093	0.151	0.671	0.085
0.051	0.036	0.153	0.760
0.717	0.215	0.035	0.033
>CAGGGCAA	4-CAGGGCAA	8.205947	-15.631858	0	T:13.0(2.81%),B:8.0(0.43%),P:1e-6	Tpos:53.2,Tstd:24.9,Bpos:54.6,Bstd:31.0,StrandBias:-0.8,Multiplicity:1.08
0.001	0.918	0.080	0.001
0.997	0.001	0.001	0.001
0.001	0.080	0.918	0.001
0.001	0.001	0.997	0.001
0.001	0.001	0.918	0.080
0.001	0.997	0.001	0.001
0.839	0.001	0.080	0.080
0.997	0.001	0.001	0.001
>ACAAGGTG	5-ACAAGGTG	7.136448	-15.310009	0	T:60.0(12.99%),B:120.0(6.42%),P:1e-6	Tpos:49.7,Tstd:25.9,Bpos:52.2,Bstd:24.9,StrandBias:-0.3,Multiplicity:1.15
0.930	0.068	0.001	0.001
0.047	0.856	0.001	0.096
0.850	0.148	0.001	0.001
0.888	0.053	0.001	0.058
0.001	0.053	0.885	0.061
0.001	0.001	0.882	0.116
0.001	0.001	0.001	0.997
0.001	0.165	0.747	0.087
>AKGARCTC	6-AKGARCTC	5.742564	-15.185404	0	T:66.0(14.29%),B:138.0(7.39%),P:1e-6	Tpos:45.1,Tstd:24.2,Bpos:47.6,Bstd:24.5,StrandBias:0.2,Multiplicity:1.11
0.579	0.169	0.211	0.041
0.096	0.106	0.397	0.401
0.163	0.052	0.726	0.059
0.851	0.012	0.042	0.095
0.312	0.165	0.354	0.169
0.046	0.728	0.196	0.030
0.116	0.267	0.026	0.591
0.096	0.809	0.008	0.087
>CACTTAGC	7-CACTTAGC	9.566837	-13.923192	0	T:7.0(1.52%),B:2.0(0.11%),P:1e-6	Tpos:45.6,Tstd:23.2,Bpos:61.5,Bstd:28.5,StrandBias:2.6,Multiplicity:1.00
0.001	0.997	0.001	0.001
0.622	0.001	0.001	0.376
0.001	0.997	0.001	0.001
0.001	0.001	0.001	0.997
0.001	0.001	0.001	0.997
0.946	0.001	0.052	0.001
0.001	0.001	0.997	0.001
0.376	0.622	0.001	0.001
>AGCACAGA	8-AGCACAGA	8.236954	-13.698963	0	T:8.0(1.73%),B:3.0(0.16%),P:1e-5	Tpos:62.0,Tstd:25.4,Bpos:52.0,Bstd:26.3,StrandBias:0.4,Multiplicity:1.00
0.700	0.100	0.100	0.100
0.100	0.100	0.700	0.100
0.100	0.700	0.100	0.100
0.700	0.100	0.100	0.100
0.100	0.700	0.100	0.100
0.700	0.100	0.100	0.100
0.100	0.100	0.700	0.100
0.700	0.100	0.100	0.100
