>CGACTGCC	1-CGACTGCC	5.302458	-11.034568	0	T:17.0(15.45%),B:562.0(4.71%),P:1e-4	Tpos:44.0,Tstd:28.0,Bpos:50.1,Bstd:26.9,StrandBias:-0.7,Multiplicity:1.06
0.127	0.688	0.001	0.184
0.044	0.069	0.778	0.109
0.704	0.083	0.080	0.133
0.191	0.719	0.050	0.040
0.095	0.051	0.050	0.804
0.097	0.001	0.901	0.001
0.076	0.689	0.178	0.057
0.254	0.744	0.001	0.001
>TACTCAGG	2-TACTCAGG	7.294353	-8.797547	0	T:8.0(7.27%),B:164.0(1.38%),P:1e-3	Tpos:37.4,Tstd:23.5,Bpos:46.9,Bstd:26.8,StrandBias:0.3,Multiplicity:1.38
0.118	0.157	0.001	0.724
0.790	0.094	0.115	0.001
0.001	0.997	0.001	0.001
0.037	0.001	0.098	0.864
0.001	0.997	0.001	0.001
0.997	0.001	0.001	0.001
0.118	0.001	0.835	0.046
0.001	0.001	0.997	0.001
>TGTATCTG	3-TGTATCTG	7.626464	-5.378628	0	T:36.0(32.73%),B:2578.0(21.62%),P:1e-2	Tpos:47.1,Tstd:27.0,Bpos:49.4,Bstd:26.1,StrandBias:-0.1,Multiplicity:2.36
0.001	0.001	0.001	0.997
0.001	0.001	0.747	0.251
0.041	0.094	0.001	0.864
0.942	0.001	0.056	0.001
0.001	0.001	0.001	0.997
0.180	0.513	0.243	0.064
0.001	0.001	0.001	0.997
0.001	0.043	0.931	0.025
>TGTACATC	4-TGTACATC	8.855953	-4.927288	0	T:4.0(3.64%),B:82.0(0.69%),P:1e-2	Tpos:62.0,Tstd:21.8,Bpos:46.3,Bstd:25.6,StrandBias:-2.0,Multiplicity:1.00
0.127	0.001	0.001	0.871
0.086	0.120	0.793	0.001
0.001	0.001	0.001	0.997
0.830	0.032	0.137	0.001
0.001	0.997	0.001	0.001
0.997	0.001	0.001	0.001
0.001	0.001	0.001	0.997
0.169	0.555	0.087	0.189
>CGTACACG	5-CGTACACG	8.236954	-4.690479	0	T:1.0(0.91%),B:1.0(0.01%),P:1e-2	Tpos:66.0,Tstd:19.0,Bpos:21.0,Bstd:0.0,StrandBias:10.0,Multiplicity:11.00
0.100	0.700	0.100	0.100
0.100	0.100	0.700	0.100
0.100	0.100	0.100	0.700
0.700	0.100	0.100	0.100
0.100	0.700	0.100	0.100
0.700	0.100	0.100	0.100
0.100	0.700	0.100	0.100
0.100	0.100	0.700	0.100
