>ACACATCATG	1-ACACATCATG	11.945366	-10.542029	0	T:3.0(2.73%),B:6.0(0.05%),P:1e-4	Tpos:63.0,Tstd:19.1,Bpos:39.1,Bstd:26.5,StrandBias:-1.0,Multiplicity:1.00
0.997	0.001	0.001	0.001
0.001	0.997	0.001	0.001
0.997	0.001	0.001	0.001
0.001	0.997	0.001	0.001
0.997	0.001	0.001	0.001
0.001	0.131	0.001	0.867
0.001	0.725	0.001	0.273
0.997	0.001	0.001	0.001
0.001	0.273	0.001	0.725
0.126	0.001	0.872	0.001
>TGGGTGRATG	2-TGGGTGRATG	7.472090	-10.051798	0	T:10.0(9.09%),B:222.0(1.86%),P:1e-4	Tpos:48.0,Tstd:24.4,Bpos:49.2,Bstd:21.7,StrandBias:1.6,Multiplicity:1.40
0.060	0.001	0.001	0.938
0.001	0.001	0.997	0.001
0.001	0.392	0.606	0.001
0.022	0.001	0.976	0.001
0.001	0.001	0.307	0.691
0.001	0.001	0.997	0.001
0.494	0.145	0.360	0.001
0.738	0.001	0.014	0.247
0.001	0.001	0.001	0.997
0.001	0.015	0.737	0.247
>TGTAGTGTAT	3-TGTAGTGTAT	8.149170	-7.162743	0	T:7.0(6.36%),B:161.0(1.35%),P:1e-3	Tpos:45.9,Tstd:25.8,Bpos:48.5,Bstd:24.2,StrandBias:-1.3,Multiplicity:2.00
0.001	0.001	0.001	0.997
0.001	0.001	0.997	0.001
0.001	0.164	0.001	0.834
0.628	0.001	0.370	0.001
0.306	0.158	0.535	0.001
0.001	0.001	0.001	0.997
0.001	0.001	0.997	0.001
0.001	0.001	0.305	0.693
0.675	0.001	0.001	0.323
0.001	0.001	0.001	0.997
>GAAAGGAARG	4-GAAAGGAARG	8.673196	-6.402447	0	T:4.0(3.64%),B:54.0(0.45%),P:1e-2	Tpos:43.2,Tstd:25.1,Bpos:47.9,Bstd:30.9,StrandBias:2.7,Multiplicity:3.75
0.001	0.066	0.932	0.001
0.997	0.001	0.001	0.001
0.629	0.369	0.001	0.001
0.598	0.001	0.400	0.001
0.113	0.001	0.885	0.001
0.010	0.102	0.887	0.001
0.865	0.133	0.001	0.001
0.799	0.001	0.001	0.199
0.429	0.001	0.437	0.133
0.001	0.001	0.997	0.001
>GCCGAGATGA	5-GCCGAGATGA	5.865383	-6.207225	0	T:4.0(3.64%),B:57.0(0.48%),P:1e-2	Tpos:43.5,Tstd:30.9,Bpos:51.2,Bstd:25.2,StrandBias:0.7,Multiplicity:2.00
0.001	0.001	0.997	0.001
0.001	0.997	0.001	0.001
0.054	0.735	0.001	0.210
0.001	0.001	0.997	0.001
0.997	0.001	0.001	0.001
0.223	0.041	0.735	0.001
0.997	0.001	0.001	0.001
0.001	0.001	0.212	0.786
0.001	0.001	0.791	0.207
0.750	0.001	0.001	0.248
