>AATNWCYSCAGA	1-AATNWCYSCAGA	9.840228	-22.097317	0	T:9.0(6.29%),B:8.0(0.27%),P:1e-9	Tpos:36.3,Tstd:32.8,Bpos:33.6,Bstd:16.7,StrandBias:-0.3,Multiplicity:1.00
0.885	0.001	0.006	0.108
0.649	0.001	0.349	0.001
0.328	0.006	0.001	0.665
0.241	0.322	0.215	0.222
0.443	0.114	0.007	0.435
0.007	0.551	0.328	0.114
0.221	0.328	0.001	0.450
0.001	0.456	0.321	0.222
0.006	0.992	0.001	0.001
0.892	0.106	0.001	0.001
0.001	0.001	0.892	0.106
0.997	0.001	0.001	0.001
>TGCYAACAGCTY	2-TGCYAACAGCTY	9.063020	-17.969544	0	T:8.0(5.59%),B:9.0(0.30%),P:1e-7	Tpos:38.5,Tstd:19.7,Bpos:47.1,Bstd:24.3,StrandBias:-0.7,Multiplicity:1.00
0.001	0.001	0.001	0.997
0.001	0.001	0.997	0.001
0.001	0.890	0.001	0.108
0.001	0.569	0.001	0.429
0.997	0.001	0.001	0.001
0.997	0.001	0.001	0.001
0.001	0.997	0.001	0.001
0.939	0.030	0.001	0.030
0.001	0.001	0.997	0.001
0.001	0.997	0.001	0.001
0.001	0.016	0.001	0.982
0.001	0.569	0.001	0.429
>TTTAGCWAATGW	3-TTTAGCWAATGW	7.835516	-16.178633	0	T:9.0(6.29%),B:16.0(0.53%),P:1e-7	Tpos:53.5,Tstd:28.2,Bpos:48.6,Bstd:22.1,StrandBias:-0.8,Multiplicity:1.00
0.230	0.001	0.001	0.768
0.001	0.001	0.001	0.997
0.001	0.031	0.001	0.967
0.997	0.001	0.001	0.001
0.001	0.001	0.967	0.031
0.001	0.997	0.001	0.001
0.462	0.005	0.001	0.532
0.768	0.230	0.001	0.001
0.768	0.001	0.001	0.230
0.231	0.001	0.268	0.500
0.001	0.231	0.537	0.231
0.499	0.001	0.001	0.499
>TGAATTCTGGCC	4-TGAATTCTGGCC	10.409522	-15.449944	0	T:4.0(2.80%),B:1.0(0.03%),P:1e-6	Tpos:54.8,Tstd:26.1,Bpos:22.0,Bstd:0.0,StrandBias:1.6,Multiplicity:1.00
0.100	0.100	0.100	0.700
0.100	0.100	0.700	0.100
0.700	0.100	0.100	0.100
0.700	0.100	0.100	0.100
0.100	0.100	0.100	0.700
0.100	0.100	0.100	0.700
0.100	0.700	0.100	0.100
0.100	0.100	0.100	0.700
0.100	0.100	0.700	0.100
0.100	0.100	0.700	0.100
0.100	0.700	0.100	0.100
0.100	0.700	0.100	0.100
>AAAAAAAAAAAA	5-AAAAAAAAAAAA	15.188209	-3.915356	0	T:3.0(2.10%),B:12.0(0.40%),P:1e-1	Tpos:77.7,Tstd:17.8,Bpos:60.8,Bstd:22.6,StrandBias:-3.2,Multiplicity:1.00
0.595	0.089	0.315	0.001
0.910	0.001	0.088	0.001
0.843	0.001	0.155	0.001
0.997	0.001	0.001	0.001
0.997	0.001	0.001	0.001
0.997	0.001	0.001	0.001
0.997	0.001	0.001	0.001
0.997	0.001	0.001	0.001
0.997	0.001	0.001	0.001
0.997	0.001	0.001	0.001
0.997	0.001	0.001	0.001
0.997	0.001	0.001	0.001
