>CTGATTCC	1-CTGATTCC	8.829632	-17.969544	0	T:8.0(5.59%),B:9.0(0.30%),P:1e-7	Tpos:61.1,Tstd:22.0,Bpos:53.1,Bstd:23.8,StrandBias:-0.7,Multiplicity:1.00
0.001	0.871	0.127	0.001
0.001	0.001	0.162	0.836
0.001	0.001	0.997	0.001
0.997	0.001	0.001	0.001
0.001	0.001	0.001	0.997
0.001	0.001	0.001	0.997
0.001	0.997	0.001	0.001
0.001	0.997	0.001	0.001
>AGAGCAGA	2-AGAGCAGA	4.872836	-15.682089	0	T:68.0(47.55%),B:818.0(27.14%),P:1e-6	Tpos:52.1,Tstd:30.7,Bpos:50.0,Bstd:33.2,StrandBias:-0.4,Multiplicity:1.24
0.759	0.051	0.082	0.108
0.073	0.079	0.786	0.062
0.668	0.030	0.173	0.129
0.094	0.037	0.814	0.055
0.075	0.732	0.118	0.075
0.715	0.035	0.178	0.072
0.044	0.098	0.828	0.030
0.707	0.129	0.088	0.076
>TTGGTCCW	3-TTGGTCCW	5.647475	-14.346979	0	T:34.0(23.78%),B:290.0(9.62%),P:1e-6	Tpos:39.4,Tstd:25.4,Bpos:49.8,Bstd:25.9,StrandBias:-0.1,Multiplicity:1.15
0.039	0.001	0.001	0.959
0.178	0.124	0.032	0.666
0.081	0.001	0.848	0.070
0.001	0.001	0.716	0.282
0.106	0.001	0.001	0.892
0.167	0.732	0.066	0.035
0.158	0.837	0.001	0.004
0.327	0.245	0.001	0.427
>TARCTGGC	4-TARCTGGC	6.733874	-12.514015	0	T:14.0(9.79%),B:66.0(2.19%),P:1e-5	Tpos:57.4,Tstd:28.0,Bpos:47.8,Bstd:25.4,StrandBias:-1.1,Multiplicity:1.14
0.099	0.002	0.001	0.898
0.837	0.130	0.032	0.001
0.372	0.009	0.440	0.179
0.148	0.705	0.001	0.146
0.001	0.001	0.001	0.997
0.146	0.001	0.723	0.130
0.277	0.034	0.573	0.116
0.220	0.778	0.001	0.001
>TATATAGG	5-TATATAGG	7.918358	-9.683582	0	T:6.0(4.20%),B:14.0(0.46%),P:1e-4	Tpos:44.9,Tstd:18.1,Bpos:60.2,Bstd:23.2,StrandBias:-0.3,Multiplicity:1.17
0.157	0.001	0.001	0.841
0.997	0.001	0.001	0.001
0.001	0.001	0.071	0.927
0.997	0.001	0.001	0.001
0.001	0.001	0.089	0.909
0.841	0.001	0.001	0.157
0.103	0.001	0.895	0.001
0.090	0.158	0.687	0.065
