>ATATRTCA	1-ATATRTCA	5.819745	-13.332619	0	T:44.0(30.77%),B:454.0(15.06%),P:1e-5	Tpos:45.3,Tstd:35.1,Bpos:52.5,Bstd:32.7,StrandBias:0.0,Multiplicity:1.49
0.957	0.041	0.001	0.001
0.167	0.001	0.001	0.831
0.886	0.112	0.001	0.001
0.001	0.001	0.001	0.997
0.538	0.001	0.460	0.001
0.001	0.001	0.001	0.997
0.001	0.603	0.395	0.001
0.484	0.001	0.314	0.201
>GGTAAAGC	2-GGTAAAGC	5.289686	-13.137750	0	T:36.0(25.17%),B:335.0(11.11%),P:1e-5	Tpos:44.8,Tstd:23.8,Bpos:48.7,Bstd:24.1,StrandBias:0.2,Multiplicity:1.36
0.119	0.096	0.688	0.097
0.200	0.070	0.681	0.049
0.031	0.032	0.076	0.861
0.647	0.058	0.144	0.151
0.774	0.091	0.089	0.046
0.875	0.015	0.031	0.079
0.021	0.118	0.773	0.088
0.134	0.713	0.108	0.045
>TCAGATTG	3-TCAGATTG	7.904971	-12.218423	0	T:28.0(19.58%),B:234.0(7.76%),P:1e-5	Tpos:53.3,Tstd:16.1,Bpos:51.4,Bstd:16.2,StrandBias:0.0,Multiplicity:1.00
0.001	0.001	0.001	0.997
0.173	0.825	0.001	0.001
0.753	0.001	0.001	0.245
0.145	0.001	0.853	0.001
0.610	0.001	0.310	0.079
0.001	0.001	0.001	0.997
0.001	0.001	0.001	0.997
0.001	0.001	0.997	0.001
>GAMAHCCC	4-GAMAHCCC	5.778937	-12.094751	0	T:38.0(26.57%),B:381.0(12.64%),P:1e-5	Tpos:46.0,Tstd:23.3,Bpos:48.6,Bstd:24.8,StrandBias:0.4,Multiplicity:1.08
0.269	0.001	0.595	0.135
0.831	0.104	0.011	0.054
0.412	0.331	0.256	0.001
0.860	0.001	0.001	0.138
0.338	0.335	0.099	0.228
0.180	0.818	0.001	0.001
0.121	0.661	0.001	0.217
0.031	0.842	0.001	0.126
>GTAWGCAG	5-GTAWGCAG	9.526174	-10.992200	0	T:3.0(2.10%),B:1.0(0.03%),P:1e-4	Tpos:36.7,Tstd:22.6,Bpos:38.0,Bstd:0.0,StrandBias:1.0,Multiplicity:1.00
0.001	0.001	0.997	0.001
0.001	0.001	0.341	0.657
0.997	0.001	0.001	0.001
0.495	0.001	0.001	0.503
0.002	0.349	0.648	0.001
0.001	0.989	0.001	0.009
0.997	0.001	0.001	0.001
0.001	0.001	0.997	0.001
