>AAATAACTGTAG	1-AAATAACTGTAG	10.409522	-20.137201	0	T:5.0(3.50%),B:1.0(0.03%),P:1e-8	Tpos:48.0,Tstd:21.6,Bpos:49.0,Bstd:0.0,StrandBias:-0.6,Multiplicity:1.00
0.700	0.100	0.100	0.100
0.700	0.100	0.100	0.100
0.700	0.100	0.100	0.100
0.100	0.100	0.100	0.700
0.700	0.100	0.100	0.100
0.700	0.100	0.100	0.100
0.100	0.700	0.100	0.100
0.100	0.100	0.100	0.700
0.100	0.100	0.700	0.100
0.100	0.100	0.100	0.700
0.700	0.100	0.100	0.100
0.100	0.100	0.700	0.100
>GACABCCCAHAC	2-GACABCCCAHAC	9.509620	-15.512508	0	T:6.0(4.20%),B:5.0(0.17%),P:1e-6	Tpos:62.8,Tstd:19.5,Bpos:43.0,Bstd:37.2,StrandBias:1.0,Multiplicity:1.00
0.300	0.001	0.698	0.001
0.966	0.001	0.032	0.001
0.001	0.698	0.001	0.300
0.698	0.300	0.001	0.001
0.001	0.398	0.300	0.300
0.001	0.997	0.001	0.001
0.300	0.698	0.001	0.001
0.032	0.966	0.001	0.001
0.997	0.001	0.001	0.001
0.300	0.398	0.001	0.300
0.997	0.001	0.001	0.001
0.300	0.698	0.001	0.001
>KGMAAWWWTMCY	3-KGMAAWWWTMCY	11.304341	-14.720325	0	T:5.0(3.50%),B:3.0(0.10%),P:1e-6	Tpos:47.4,Tstd:26.7,Bpos:55.3,Bstd:27.2,StrandBias:0.0,Multiplicity:1.00
0.001	0.001	0.569	0.429
0.001	0.001	0.997	0.001
0.569	0.429	0.001	0.001
0.997	0.001	0.001	0.001
0.997	0.001	0.001	0.001
0.544	0.001	0.001	0.454
0.430	0.001	0.099	0.471
0.429	0.001	0.001	0.569
0.008	0.001	0.099	0.892
0.437	0.561	0.001	0.001
0.001	0.997	0.001	0.001
0.001	0.437	0.001	0.561
>GCCTCCTTGTCT	4-GCCTCCTTGTCT	9.694815	-14.457424	0	T:6.0(4.20%),B:6.0(0.20%),P:1e-6	Tpos:48.5,Tstd:20.1,Bpos:36.2,Bstd:13.1,StrandBias:0.0,Multiplicity:1.00
0.001	0.001	0.990	0.008
0.236	0.762	0.001	0.001
0.001	0.997	0.001	0.001
0.228	0.001	0.008	0.763
0.078	0.920	0.001	0.001
0.078	0.920	0.001	0.001
0.001	0.001	0.001	0.997
0.001	0.001	0.001	0.997
0.001	0.104	0.755	0.140
0.001	0.001	0.001	0.997
0.001	0.920	0.001	0.078
0.227	0.001	0.001	0.771
>GATGCCAAATCT	5-GATGCCAAATCT	13.777363	-12.714180	0	T:4.0(2.80%),B:2.0(0.07%),P:1e-5	Tpos:28.8,Tstd:14.5,Bpos:48.5,Bstd:15.5,StrandBias:1.6,Multiplicity:1.00
0.001	0.001	0.997	0.001
0.997	0.001	0.001	0.001
0.259	0.001	0.001	0.739
0.001	0.001	0.997	0.001
0.030	0.668	0.301	0.001
0.265	0.668	0.066	0.001
0.997	0.001	0.001	0.001
0.997	0.001	0.001	0.001
0.997	0.001	0.001	0.001
0.001	0.001	0.001	0.997
0.001	0.997	0.001	0.001
0.001	0.001	0.001	0.997
