>GAACCTGGGAGA	1-GAACCTGGGAGA	7.719665	-20.742544	0	T:7.0(3.65%),B:14.0(0.09%),P:1e-9	Tpos:35.0,Tstd:15.8,Bpos:46.6,Bstd:30.7,StrandBias:-2.6,Multiplicity:1.00
0.001	0.001	0.997	0.001
0.997	0.001	0.001	0.001
0.997	0.001	0.001	0.001
0.167	0.814	0.018	0.001
0.001	0.997	0.001	0.001
0.001	0.001	0.001	0.997
0.151	0.001	0.847	0.001
0.001	0.001	0.997	0.001
0.001	0.001	0.997	0.001
0.980	0.001	0.001	0.018
0.001	0.151	0.847	0.001
0.989	0.009	0.001	0.001
>AGTAGTAGCTAC	2-AGTAGTAGCTAC	14.416698	-20.606745	0	T:4.0(2.08%),B:0.0(0.00%),P:1e-8	Tpos:62.2,Tstd:27.7,Bpos:0.0,Bstd:0.0,StrandBias:1.6,Multiplicity:1.00
0.780	0.001	0.001	0.218
0.219	0.123	0.657	0.001
0.001	0.001	0.001	0.997
0.997	0.001	0.001	0.001
0.001	0.001	0.997	0.001
0.001	0.001	0.001	0.997
0.780	0.001	0.218	0.001
0.001	0.001	0.997	0.001
0.001	0.997	0.001	0.001
0.001	0.001	0.001	0.997
0.997	0.001	0.001	0.001
0.001	0.997	0.001	0.001
>CAAGACTGAGAA	3-CAAGACTGAGAA	10.131557	-16.069597	0	T:11.0(5.73%),B:100.0(0.67%),P:1e-6	Tpos:53.7,Tstd:34.7,Bpos:48.6,Bstd:27.4,StrandBias:0.3,Multiplicity:1.00
0.094	0.642	0.001	0.263
0.874	0.001	0.124	0.001
0.749	0.125	0.125	0.001
0.001	0.124	0.874	0.001
0.749	0.001	0.125	0.125
0.125	0.624	0.250	0.001
0.125	0.001	0.125	0.749
0.001	0.093	0.905	0.001
0.997	0.001	0.001	0.001
0.135	0.001	0.863	0.001
0.997	0.001	0.001	0.001
0.997	0.001	0.001	0.001
>CACACACACCCC	4-CACACACACCCC	11.725315	-12.412618	0	T:8.0(4.17%),B:69.0(0.47%),P:1e-5	Tpos:56.2,Tstd:20.4,Bpos:53.4,Bstd:25.9,StrandBias:0.7,Multiplicity:1.00
0.001	0.997	0.001	0.001
0.664	0.334	0.001	0.001
0.001	0.834	0.164	0.001
0.997	0.001	0.001	0.001
0.001	0.825	0.173	0.001
0.997	0.001	0.001	0.001
0.164	0.834	0.001	0.001
0.663	0.272	0.064	0.001
0.001	0.997	0.001	0.001
0.304	0.625	0.001	0.070
0.262	0.736	0.001	0.001
0.001	0.860	0.001	0.138
>TTCCCTGTCCAA	5-TTCCCTGTCCAA	10.473592	-12.015125	0	T:9.0(4.69%),B:97.0(0.65%),P:1e-5	Tpos:64.0,Tstd:19.5,Bpos:51.9,Bstd:22.6,StrandBias:0.8,Multiplicity:1.22
0.008	0.001	0.293	0.698
0.001	0.217	0.001	0.781
0.159	0.692	0.001	0.148
0.001	0.931	0.001	0.067
0.001	0.997	0.001	0.001
0.001	0.001	0.001	0.997
0.158	0.001	0.840	0.001
0.158	0.001	0.001	0.840
0.001	0.840	0.158	0.001
0.133	0.865	0.001	0.001
0.865	0.001	0.001	0.133
0.681	0.159	0.159	0.001
