>GTGCATTCCT	1-GTGCATTCCT	11.227929	-14.143112	0	T:8.0(2.02%),B:21.0(0.18%),P:1e-6	Tpos:54.0,Tstd:29.4,Bpos:50.9,Bstd:23.1,StrandBias:-0.3,Multiplicity:1.12
0.001	0.057	0.765	0.177
0.001	0.001	0.001	0.997
0.001	0.001	0.997	0.001
0.001	0.821	0.001	0.177
0.997	0.001	0.001	0.001
0.001	0.001	0.001	0.997
0.122	0.001	0.240	0.637
0.001	0.997	0.001	0.001
0.045	0.953	0.001	0.001
0.001	0.001	0.001	0.997
>AATTCGAGAC	2-AATTCGAGAC	8.916454	-8.540694	0	T:23.0(5.81%),B:296.0(2.49%),P:1e-3	Tpos:50.1,Tstd:28.9,Bpos:48.7,Bstd:30.1,StrandBias:0.4,Multiplicity:1.13
0.760	0.001	0.238	0.001
0.678	0.001	0.320	0.001
0.001	0.001	0.001	0.997
0.001	0.001	0.001	0.997
0.001	0.997	0.001	0.001
0.316	0.001	0.652	0.031
0.997	0.001	0.001	0.001
0.001	0.001	0.997	0.001
0.960	0.001	0.038	0.001
0.001	0.997	0.001	0.001
>ACATACATGA	3-ACATACATGA	9.037486	-7.018202	0	T:41.0(10.35%),B:732.0(6.16%),P:1e-3	Tpos:51.9,Tstd:27.7,Bpos:52.7,Bstd:26.0,StrandBias:-0.4,Multiplicity:1.39
0.711	0.041	0.041	0.207
0.001	0.909	0.001	0.089
0.915	0.001	0.001	0.083
0.023	0.139	0.016	0.822
0.910	0.001	0.064	0.025
0.083	0.619	0.245	0.053
0.970	0.001	0.002	0.027
0.054	0.048	0.042	0.856
0.076	0.111	0.759	0.054
0.543	0.164	0.093	0.200
>CTCTCTCTGT	4-CTCTCTCTGT	7.068127	-5.724966	0	T:46.0(11.62%),B:909.0(7.65%),P:1e-2	Tpos:44.7,Tstd:27.1,Bpos:53.1,Bstd:30.3,StrandBias:-0.6,Multiplicity:1.15
0.046	0.793	0.033	0.128
0.001	0.141	0.001	0.857
0.151	0.805	0.012	0.032
0.032	0.080	0.005	0.883
0.061	0.852	0.028	0.059
0.057	0.046	0.001	0.896
0.078	0.787	0.107	0.028
0.080	0.080	0.001	0.839
0.159	0.136	0.547	0.158
0.055	0.072	0.121	0.752
>ATGTGAGTAC	5-ATGTGAGTAC	12.256023	-5.635281	0	T:3.0(0.76%),B:9.0(0.08%),P:1e-2	Tpos:51.0,Tstd:27.0,Bpos:62.4,Bstd:19.5,StrandBias:0.0,Multiplicity:2.00
0.997	0.001	0.001	0.001
0.001	0.001	0.001	0.997
0.001	0.001	0.997	0.001
0.001	0.001	0.001	0.997
0.001	0.001	0.997	0.001
0.997	0.001	0.001	0.001
0.001	0.206	0.792	0.001
0.001	0.001	0.001	0.997
0.997	0.001	0.001	0.001
0.001	0.997	0.001	0.001
>TACAGTACAT	6-TACAGTACAT	10.170823	-5.519676	0	T:4.0(1.01%),B:19.0(0.16%),P:1e-2	Tpos:43.2,Tstd:19.9,Bpos:51.8,Bstd:29.7,StrandBias:-2.0,Multiplicity:1.25
0.001	0.075	0.073	0.851
0.734	0.059	0.206	0.001
0.001	0.721	0.073	0.205
0.788	0.001	0.001	0.210
0.117	0.037	0.699	0.147
0.001	0.054	0.001	0.944
0.775	0.073	0.151	0.001
0.133	0.698	0.001	0.168
0.876	0.050	0.001	0.073
0.001	0.065	0.001	0.933
>TTCCTTTCCT	7-TTCCTTTCCT	11.156191	-5.170935	0	T:4.0(1.01%),B:21.0(0.18%),P:1e-2	Tpos:46.7,Tstd:21.1,Bpos:40.4,Bstd:27.4,StrandBias:-1.3,Multiplicity:1.75
0.001	0.184	0.001	0.814
0.001	0.184	0.001	0.814
0.001	0.926	0.001	0.072
0.001	0.997	0.001	0.001
0.001	0.148	0.001	0.850
0.001	0.001	0.001	0.997
0.001	0.184	0.001	0.814
0.001	0.997	0.001	0.001
0.001	0.914	0.001	0.084
0.001	0.001	0.001	0.997
