>AACKTACT	1-AACKTACT	7.697692	-19.642101	0	T:13.0(3.28%),B:42.0(0.35%),P:1e-8	Tpos:45.2,Tstd:31.1,Bpos:49.6,Bstd:32.0,StrandBias:-1.2,Multiplicity:1.00
0.918	0.001	0.001	0.080
0.582	0.001	0.296	0.121
0.001	0.911	0.087	0.001
0.001	0.080	0.458	0.461
0.303	0.001	0.001	0.695
0.683	0.315	0.001	0.001
0.001	0.830	0.040	0.129
0.001	0.120	0.001	0.878
>GGTTCACG	2-GGTTCACG	6.263799	-14.666908	0	T:39.0(9.85%),B:481.0(4.05%),P:1e-6	Tpos:47.3,Tstd:33.2,Bpos:50.1,Bstd:34.1,StrandBias:-0.4,Multiplicity:1.03
0.001	0.054	0.944	0.001
0.001	0.001	0.890	0.108
0.001	0.001	0.221	0.777
0.001	0.001	0.001	0.997
0.156	0.842	0.001	0.001
0.997	0.001	0.001	0.001
0.054	0.944	0.001	0.001
0.001	0.001	0.955	0.043
>GAGACTGC	3-GAGACTGC	9.087672	-13.161278	0	T:8.0(2.02%),B:24.0(0.20%),P:1e-5	Tpos:46.5,Tstd:35.1,Bpos:51.3,Bstd:35.7,StrandBias:0.0,Multiplicity:1.00
0.001	0.001	0.826	0.172
0.997	0.001	0.001	0.001
0.001	0.001	0.997	0.001
0.997	0.001	0.001	0.001
0.001	0.799	0.001	0.199
0.001	0.001	0.001	0.997
0.001	0.001	0.997	0.001
0.001	0.997	0.001	0.001
>ACAWTGTN	4-ACAWTGTN	5.868713	-10.613919	0	T:60.0(15.15%),B:1042.0(8.76%),P:1e-4	Tpos:54.7,Tstd:22.5,Bpos:49.5,Bstd:21.6,StrandBias:0.2,Multiplicity:1.17
0.723	0.001	0.110	0.166
0.043	0.771	0.006	0.180
0.780	0.001	0.001	0.218
0.383	0.168	0.138	0.310
0.075	0.001	0.001	0.923
0.303	0.051	0.626	0.020
0.070	0.007	0.001	0.922
0.229	0.305	0.197	0.269
>TATATATA	5-TATATATA	9.265244	-3.526784	0	T:49.0(12.37%),B:1117.0(9.39%),P:1e-1	Tpos:51.2,Tstd:23.8,Bpos:49.7,Bstd:25.9,StrandBias:0.0,Multiplicity:1.88
0.001	0.255	0.001	0.743
0.997	0.001	0.001	0.001
0.001	0.001	0.001	0.997
0.781	0.001	0.217	0.001
0.001	0.001	0.001	0.997
0.997	0.001	0.001	0.001
0.001	0.282	0.001	0.716
0.997	0.001	0.001	0.001
