>CCCTCTAACC	1-CCCTCTAACC	7.191585	-18.360283	0	T:8.0(2.02%),B:12.0(0.10%),P:1e-7	Tpos:69.1,Tstd:26.1,Bpos:36.7,Bstd:29.6,StrandBias:0.0,Multiplicity:1.00
0.001	0.997	0.001	0.001
0.001	0.997	0.001	0.001
0.025	0.824	0.001	0.150
0.001	0.001	0.001	0.997
0.050	0.773	0.001	0.176
0.001	0.001	0.001	0.997
0.997	0.001	0.001	0.001
0.997	0.001	0.001	0.001
0.001	0.997	0.001	0.001
0.001	0.949	0.049	0.001
>TACATGAATA	2-TACATGAATA	12.231790	-16.741598	0	T:10.0(2.53%),B:28.0(0.24%),P:1e-7	Tpos:50.4,Tstd:24.3,Bpos:48.9,Bstd:25.4,StrandBias:0.0,Multiplicity:1.00
0.001	0.001	0.001	0.997
0.620	0.001	0.378	0.001
0.001	0.958	0.001	0.040
0.997	0.001	0.001	0.001
0.001	0.001	0.001	0.997
0.030	0.001	0.968	0.001
0.736	0.001	0.001	0.262
0.942	0.001	0.056	0.001
0.001	0.183	0.001	0.815
0.997	0.001	0.001	0.001
>MWTSTATWSA	3-MWTSTATWSA	9.278511	-7.458891	0	T:6.0(1.52%),B:30.0(0.25%),P:1e-3	Tpos:38.2,Tstd:23.9,Bpos:53.7,Bstd:27.7,StrandBias:0.0,Multiplicity:1.00
0.525	0.465	0.001	0.009
0.303	0.001	0.260	0.436
0.001	0.001	0.001	0.997
0.005	0.437	0.557	0.001
0.012	0.102	0.260	0.626
0.706	0.017	0.276	0.001
0.001	0.001	0.001	0.997
0.546	0.001	0.001	0.452
0.001	0.405	0.544	0.050
0.997	0.001	0.001	0.001
>CAGDCTCATR	4-CAGDCTCATR	9.241833	-6.424824	0	T:7.0(1.77%),B:50.0(0.42%),P:1e-2	Tpos:50.9,Tstd:22.7,Bpos:47.4,Bstd:25.0,StrandBias:-1.2,Multiplicity:1.43
0.001	0.653	0.173	0.173
0.826	0.001	0.001	0.172
0.001	0.001	0.997	0.001
0.311	0.001	0.342	0.346
0.001	0.997	0.001	0.001
0.118	0.001	0.001	0.880
0.001	0.880	0.118	0.001
0.997	0.001	0.001	0.001
0.001	0.001	0.001	0.997
0.514	0.001	0.484	0.001
>ATATACATAG	5-ATATACATAG	9.264321	-5.272506	0	T:47.0(11.87%),B:957.0(8.05%),P:1e-2	Tpos:51.1,Tstd:25.9,Bpos:49.7,Bstd:25.0,StrandBias:0.4,Multiplicity:1.93
0.997	0.001	0.001	0.001
0.001	0.001	0.074	0.924
0.878	0.120	0.001	0.001
0.001	0.001	0.060	0.938
0.997	0.001	0.001	0.001
0.001	0.902	0.066	0.031
0.997	0.001	0.001	0.001
0.001	0.063	0.001	0.935
0.916	0.001	0.001	0.082
0.081	0.116	0.610	0.193
>GTATACATGA	6-GTATACATGA	8.032453	-3.403695	0	T:16.0(4.04%),B:287.0(2.41%),P:1e-1	Tpos:56.1,Tstd:28.4,Bpos:49.0,Bstd:26.0,StrandBias:0.5,Multiplicity:1.73
0.055	0.212	0.593	0.140
0.148	0.141	0.090	0.621
0.765	0.001	0.093	0.141
0.034	0.085	0.086	0.795
0.802	0.057	0.055	0.086
0.065	0.809	0.031	0.095
0.782	0.101	0.016	0.101
0.078	0.056	0.101	0.765
0.153	0.131	0.580	0.136
0.496	0.168	0.175	0.161
>TATATATATA	7-TATATATATA	10.287456	-2.060900	0	T:14.0(3.54%),B:298.0(2.51%),P:1e0	Tpos:31.2,Tstd:21.7,Bpos:51.1,Bstd:25.9,StrandBias:0.0,Multiplicity:1.43
0.092	0.224	0.047	0.637
0.701	0.058	0.128	0.113
0.057	0.155	0.068	0.720
0.725	0.037	0.200	0.038
0.070	0.202	0.054	0.674
0.686	0.059	0.208	0.047
0.105	0.127	0.019	0.749
0.749	0.084	0.164	0.003
0.082	0.242	0.065	0.611
0.758	0.081	0.119	0.042
