>AAGCTTGA	1-AAGCTTGA	6.879168	-24.513569	0	T:296.0(8.47%),B:664.0(5.70%),P:1e-10	Tpos:48.7,Tstd:32.1,Bpos:47.7,Bstd:32.5,StrandBias:-0.1,Multiplicity:1.02
0.906	0.001	0.092	0.001
0.675	0.027	0.141	0.157
0.036	0.057	0.906	0.001
0.001	0.985	0.001	0.013
0.073	0.024	0.001	0.902
0.038	0.001	0.089	0.872
0.001	0.001	0.872	0.126
0.997	0.001	0.001	0.001
>AGGCGTTC	2-AGGCGTTC	5.290089	-22.134015	0	T:52.0(1.49%),B:63.0(0.54%),P:1e-9	Tpos:50.2,Tstd:27.3,Bpos:52.8,Bstd:27.0,StrandBias:0.3,Multiplicity:1.02
0.822	0.045	0.059	0.074
0.055	0.073	0.573	0.299
0.029	0.246	0.486	0.239
0.107	0.711	0.146	0.036
0.054	0.144	0.681	0.121
0.238	0.232	0.046	0.484
0.241	0.035	0.243	0.482
0.313	0.468	0.200	0.020
>ATTCGTGA	3-ATTCGTGA	7.864978	-21.334865	0	T:19.0(0.54%),B:10.0(0.09%),P:1e-9	Tpos:41.5,Tstd:31.7,Bpos:48.1,Bstd:32.3,StrandBias:0.3,Multiplicity:1.00
0.997	0.001	0.001	0.001
0.001	0.001	0.001	0.997
0.364	0.001	0.001	0.634
0.001	0.997	0.001	0.001
0.118	0.001	0.880	0.001
0.001	0.001	0.150	0.848
0.001	0.001	0.634	0.364
0.997	0.001	0.001	0.001
>CCTTGGCA	4-CCTTGGCA	6.701769	-20.703083	0	T:167.0(4.78%),B:339.0(2.91%),P:1e-8	Tpos:52.3,Tstd:29.1,Bpos:49.7,Bstd:29.2,StrandBias:0.3,Multiplicity:1.02
0.038	0.702	0.022	0.238
0.001	0.974	0.001	0.024
0.035	0.001	0.001	0.963
0.070	0.001	0.075	0.854
0.055	0.001	0.912	0.032
0.001	0.108	0.759	0.132
0.001	0.997	0.001	0.001
0.834	0.057	0.032	0.077
>AGGGAGCG	5-AGGGAGCG	8.236954	-14.562376	0	T:9.0(0.26%),B:3.0(0.03%),P:1e-6	Tpos:63.3,Tstd:23.6,Bpos:55.7,Bstd:19.6,StrandBias:1.0,Multiplicity:1.00
0.700	0.100	0.100	0.100
0.100	0.100	0.700	0.100
0.100	0.100	0.700	0.100
0.100	0.100	0.700	0.100
0.700	0.100	0.100	0.100
0.100	0.100	0.700	0.100
0.100	0.700	0.100	0.100
0.100	0.100	0.700	0.100
>TAAACACT	6-TAAACACT	9.291466	-12.722607	0	T:21.0(0.60%),B:21.0(0.18%),P:1e-5	Tpos:51.4,Tstd:29.8,Bpos:55.3,Bstd:26.8,StrandBias:-0.4,Multiplicity:1.00
0.001	0.001	0.001	0.997
0.997	0.001	0.001	0.001
0.829	0.169	0.001	0.001
0.997	0.001	0.001	0.001
0.001	0.997	0.001	0.001
0.997	0.001	0.001	0.001
0.001	0.997	0.001	0.001
0.001	0.001	0.001	0.997
>GTARGCCT	7-GTARGCCT	4.533211	-11.918673	0	T:276.0(7.90%),B:705.0(6.06%),P:1e-5	Tpos:50.2,Tstd:28.2,Bpos:49.4,Bstd:28.2,StrandBias:0.1,Multiplicity:1.03
0.160	0.125	0.500	0.215
0.175	0.130	0.158	0.537
0.556	0.116	0.236	0.092
0.386	0.056	0.486	0.073
0.212	0.166	0.459	0.163
0.172	0.443	0.156	0.229
0.122	0.510	0.170	0.198
0.151	0.160	0.077	0.612
>CAAACGAA	8-CAAACGAA	4.128600	-9.059743	0	T:250.0(7.16%),B:658.0(5.65%),P:1e-3	Tpos:50.8,Tstd:26.7,Bpos:52.3,Bstd:25.7,StrandBias:0.2,Multiplicity:1.33
0.200	0.452	0.164	0.184
0.505	0.150	0.191	0.154
0.523	0.145	0.148	0.184
0.434	0.206	0.183	0.177
0.273	0.611	0.045	0.071
0.228	0.215	0.429	0.127
0.510	0.200	0.152	0.138
0.645	0.051	0.045	0.259
