>CACAGCTGGS	1-CACAGCTGGS	10.170986	-21.621669	0	T:5.0(14.29%),B:3.2(0.11%),P:1e-9,FDR:0.4	Tpos:57.4,Tstd:35.2,Bpos:71.6,Bstd:16.5,StrandBias:-0.6,Multiplicity:1.00
0.199	0.799	0.001	0.001
0.799	0.199	0.001	0.001
0.001	0.997	0.001	0.001
0.997	0.001	0.001	0.001
0.001	0.001	0.997	0.001
0.001	0.997	0.001	0.001
0.001	0.001	0.001	0.997
0.001	0.001	0.997	0.001
0.001	0.399	0.599	0.001
0.001	0.400	0.400	0.200
>AGTCTCTGTT	2-AGTCTCTGTT	6.662032	-16.761363	0	T:5.0(14.29%),B:8.1(0.28%),P:1e-7,FDR:0.4	Tpos:61.4,Tstd:21.1,Bpos:37.5,Bstd:27.8,StrandBias:-0.6,Multiplicity:1.00
0.997	0.001	0.001	0.001
0.001	0.001	0.997	0.001
0.001	0.001	0.045	0.953
0.001	0.814	0.001	0.184
0.001	0.001	0.001	0.997
0.001	0.997	0.001	0.001
0.046	0.001	0.092	0.861
0.001	0.001	0.997	0.001
0.001	0.001	0.001	0.997
0.001	0.001	0.001	0.997
>AAGGATAGAC	3-AAGGATAGAC	11.897669	-16.181218	0	T:5.0(14.29%),B:9.5(0.33%),P:1e-7,FDR:0.4	Tpos:52.2,Tstd:36.0,Bpos:53.5,Bstd:28.1,StrandBias:-0.6,Multiplicity:1.00
0.997	0.001	0.001	0.001
0.997	0.001	0.001	0.001
0.001	0.001	0.997	0.001
0.270	0.001	0.728	0.001
0.728	0.001	0.270	0.001
0.270	0.001	0.001	0.728
0.997	0.001	0.001	0.001
0.001	0.001	0.997	0.001
0.997	0.001	0.001	0.001
0.001	0.997	0.001	0.001
>GCTACAATTG	4-GCTACAATTG	6.482164	-15.446805	0	T:4.0(11.43%),B:4.7(0.17%),P:1e-6,FDR:0.4	Tpos:31.6,Tstd:24.5,Bpos:78.5,Bstd:16.8,StrandBias:-0.6,Multiplicity:1.00
0.001	0.001	0.834	0.164
0.001	0.997	0.001	0.001
0.184	0.001	0.001	0.814
0.853	0.001	0.145	0.001
0.001	0.997	0.001	0.001
0.997	0.001	0.001	0.001
0.997	0.001	0.001	0.001
0.001	0.145	0.001	0.853
0.001	0.001	0.001	0.997
0.001	0.001	0.997	0.001
>ARGAAATTTC	5-ARGAAATTTC	7.203258	-14.769117	0	T:5.0(14.29%),B:12.5(0.44%),P:1e-6,FDR:0.4	Tpos:34.7,Tstd:10.7,Bpos:32.0,Bstd:27.1,StrandBias:-1.0,Multiplicity:1.00
0.997	0.001	0.001	0.001
0.477	0.001	0.521	0.001
0.038	0.001	0.960	0.001
0.997	0.001	0.001	0.001
0.960	0.001	0.038	0.001
0.881	0.001	0.117	0.001
0.001	0.359	0.001	0.639
0.001	0.001	0.001	0.997
0.001	0.001	0.001	0.997
0.001	0.997	0.001	0.001
>GGGAGTGCRG	6-GGGAGTGCRG	5.775566	-13.686192	0	T:9.0(25.71%),B:91.0(3.19%),P:1e-5,FDR:0.4	Tpos:45.5,Tstd:23.7,Bpos:56.2,Bstd:31.3,StrandBias:0.6,Multiplicity:1.11
0.115	0.001	0.610	0.274
0.001	0.001	0.725	0.273
0.001	0.001	0.997	0.001
0.725	0.001	0.273	0.001
0.001	0.001	0.997	0.001
0.001	0.001	0.001	0.997
0.001	0.001	0.997	0.001
0.274	0.590	0.115	0.021
0.295	0.001	0.430	0.274
0.001	0.001	0.997	0.001
>AACCATTGGT	7-AACCATTGGT	6.222489	-13.534384	0	T:11.0(31.43%),B:153.1(5.36%),P:1e-5,FDR:0.4	Tpos:54.9,Tstd:26.7,Bpos:51.1,Bstd:37.7,StrandBias:1.1,Multiplicity:1.18
0.644	0.222	0.133	0.001
0.911	0.044	0.044	0.001
0.259	0.587	0.001	0.153
0.003	0.838	0.044	0.115
0.601	0.266	0.089	0.044
0.267	0.133	0.129	0.471
0.027	0.044	0.215	0.714
0.037	0.044	0.827	0.092
0.133	0.001	0.774	0.092
0.171	0.047	0.137	0.645
>GGAGGTTCKGYT	1-GGAGGTTCKGYT	10.102423	-24.665962	0	T:7.0(20.00%),B:9.5(0.33%),P:1e-10,FDR:0.4	Tpos:48.6,Tstd:29.0,Bpos:42.3,Bstd:25.2,StrandBias:1.3,Multiplicity:1.00
0.190	0.001	0.808	0.001
0.191	0.191	0.617	0.001
0.997	0.001	0.001	0.001
0.001	0.021	0.977	0.001
0.001	0.001	0.808	0.190
0.001	0.190	0.001	0.808
0.001	0.001	0.001	0.997
0.001	0.808	0.190	0.001
0.191	0.001	0.426	0.382
0.001	0.191	0.595	0.213
0.191	0.382	0.001	0.426
0.001	0.190	0.001	0.808
>AKAARGATAGAC	2-AKAARGATAGAC	7.396901	-21.819553	0	T:9.0(25.71%),B:35.0(1.23%),P:1e-9,FDR:0.4	Tpos:52.6,Tstd:34.9,Bpos:41.8,Bstd:28.5,StrandBias:-0.5,Multiplicity:1.22
0.788	0.086	0.006	0.120
0.120	0.001	0.367	0.512
0.700	0.060	0.060	0.180
0.579	0.240	0.001	0.180
0.300	0.180	0.400	0.120
0.026	0.060	0.794	0.120
0.853	0.001	0.060	0.086
0.061	0.300	0.126	0.513
0.639	0.001	0.300	0.060
0.001	0.060	0.819	0.120
0.634	0.126	0.060	0.180
0.038	0.782	0.060	0.120
>AACCCAGCTGTG	3-AACCCAGCTGTG	12.852735	-20.965900	0	T:4.0(11.43%),B:0.0(0.00%),P:1e-9,FDR:0.4	Tpos:68.2,Tstd:31.0,Bpos:0.0,Bstd:0.0,StrandBias:0.0,Multiplicity:1.00
0.500	0.250	0.250	0.001
0.997	0.001	0.001	0.001
0.250	0.500	0.250	0.001
0.001	0.749	0.249	0.001
0.001	0.997	0.001	0.001
0.997	0.001	0.001	0.001
0.001	0.001	0.997	0.001
0.001	0.997	0.001	0.001
0.001	0.001	0.001	0.997
0.001	0.001	0.997	0.001
0.001	0.001	0.001	0.997
0.001	0.001	0.749	0.249
>TGVAACAATBGT	4-TGVAACAATBGT	10.914437	-20.965900	0	T:4.0(11.43%),B:0.0(0.00%),P:1e-9,FDR:0.4	Tpos:61.0,Tstd:31.6,Bpos:0.0,Bstd:0.0,StrandBias:0.0,Multiplicity:1.00
0.001	0.310	0.035	0.654
0.001	0.017	0.965	0.017
0.310	0.380	0.310	0.001
0.981	0.001	0.001	0.017
0.689	0.309	0.001	0.001
0.001	0.689	0.001	0.309
0.689	0.309	0.001	0.001
0.689	0.309	0.001	0.001
0.001	0.001	0.001	0.997
0.001	0.310	0.327	0.362
0.001	0.001	0.997	0.001
0.001	0.001	0.001	0.997
>AGGTTTADTTTC	5-AGGTTTADTTTC	7.442085	-14.753634	0	T:9.0(25.71%),B:80.2(2.81%),P:1e-6,FDR:0.4	Tpos:46.7,Tstd:28.4,Bpos:52.6,Bstd:31.1,StrandBias:-0.3,Multiplicity:1.00
0.633	0.001	0.169	0.197
0.001	0.065	0.933	0.001
0.143	0.001	0.659	0.197
0.197	0.197	0.131	0.475
0.066	0.226	0.066	0.642
0.037	0.197	0.131	0.635
0.737	0.066	0.131	0.066
0.306	0.131	0.263	0.300
0.065	0.001	0.065	0.869
0.001	0.094	0.262	0.643
0.012	0.131	0.066	0.791
0.001	0.696	0.012	0.291
>AGGTTCGG	1-AGGTTCGG	8.191074	-17.386339	0	T:7.0(20.00%),B:26.8(0.94%),P:1e-7,FDR:0.2	Tpos:47.1,Tstd:24.5,Bpos:60.8,Bstd:28.6,StrandBias:2.6,Multiplicity:1.00
0.997	0.001	0.001	0.001
0.001	0.001	0.793	0.205
0.001	0.001	0.793	0.205
0.001	0.001	0.001	0.997
0.001	0.001	0.001	0.997
0.001	0.739	0.105	0.155
0.001	0.001	0.997	0.001
0.001	0.001	0.844	0.154
>CTGTGAGA	2-CTGTGAGA	9.474773	-16.938825	0	T:6.0(17.14%),B:16.3(0.57%),P:1e-7,FDR:0.2	Tpos:76.7,Tstd:21.6,Bpos:59.3,Bstd:29.1,StrandBias:2.3,Multiplicity:1.00
0.203	0.795	0.001	0.001
0.001	0.001	0.001	0.997
0.001	0.001	0.997	0.001
0.001	0.001	0.001	0.997
0.001	0.001	0.997	0.001
0.997	0.001	0.001	0.001
0.001	0.001	0.997	0.001
0.997	0.001	0.001	0.001
>AGGTCCAT	3-AGGTCCAT	5.571349	-16.599330	0	T:8.0(22.86%),B:45.9(1.61%),P:1e-7,FDR:0.2	Tpos:59.5,Tstd:34.5,Bpos:50.7,Bstd:37.9,StrandBias:1.6,Multiplicity:1.00
0.997	0.001	0.001	0.001
0.001	0.236	0.762	0.001
0.001	0.022	0.976	0.001
0.001	0.001	0.001	0.997
0.001	0.997	0.001	0.001
0.001	0.784	0.001	0.214
0.997	0.001	0.001	0.001
0.001	0.001	0.001	0.997
>TGAATCAG	4-TGAATCAG	9.449682	-12.708984	0	T:4.0(11.43%),B:8.8(0.31%),P:1e-5,FDR:0.3	Tpos:57.5,Tstd:21.7,Bpos:65.0,Bstd:41.6,StrandBias:-1.6,Multiplicity:1.00
0.001	0.001	0.001	0.997
0.001	0.001	0.997	0.001
0.997	0.001	0.001	0.001
0.768	0.001	0.001	0.230
0.001	0.001	0.001	0.997
0.001	0.997	0.001	0.001
0.997	0.001	0.001	0.001
0.001	0.001	0.741	0.257
>WTGGAGTG	5-WTGGAGTG	8.560057	-11.935782	0	T:7.0(20.00%),B:59.5(2.09%),P:1e-5,FDR:0.3	Tpos:50.6,Tstd:20.5,Bpos:52.8,Bstd:35.9,StrandBias:0.4,Multiplicity:1.00
0.466	0.001	0.001	0.532
0.292	0.001	0.174	0.533
0.001	0.001	0.997	0.001
0.001	0.001	0.997	0.001
0.997	0.001	0.001	0.001
0.001	0.001	0.997	0.001
0.001	0.001	0.001	0.997
0.001	0.001	0.997	0.001
