>TGTAGAGCCT	1-TGTAGAGCCT	9.995975	-30.393653	0	T:11.0(6.51%),B:1.0(0.19%),P:1e-13	Tpos:45.8,Tstd:27.5,Bpos:63.0,Bstd:0.0,StrandBias:0.5,Multiplicity:1.09
0.001	0.001	0.001	0.997
0.001	0.147	0.851	0.001
0.001	0.332	0.001	0.666
0.851	0.001	0.001	0.147
0.001	0.001	0.997	0.001
0.851	0.001	0.001	0.147
0.294	0.001	0.704	0.001
0.147	0.667	0.001	0.185
0.001	0.997	0.001	0.001
0.001	0.001	0.001	0.997
>TTTCTGTGGT	2-TTTCTGTGGT	10.728046	-26.817943	0	T:10.0(5.92%),B:0.0(0.00%),P:1e-11	Tpos:54.4,Tstd:16.9,Bpos:0.0,Bstd:0.0,StrandBias:0.6,Multiplicity:1.00
0.111	0.001	0.111	0.777
0.001	0.110	0.001	0.888
0.001	0.111	0.111	0.777
0.001	0.997	0.001	0.001
0.001	0.001	0.001	0.997
0.001	0.001	0.997	0.001
0.001	0.001	0.001	0.997
0.001	0.001	0.997	0.001
0.001	0.001	0.997	0.001
0.111	0.111	0.111	0.667
>CTAGTGAAAA	3-CTAGTGAAAA	8.795096	-23.343297	0	T:9.0(5.33%),B:1.0(0.19%),P:1e-10	Tpos:60.9,Tstd:22.7,Bpos:93.0,Bstd:0.0,StrandBias:1.0,Multiplicity:1.00
0.234	0.764	0.001	0.001
0.001	0.077	0.001	0.921
0.765	0.078	0.156	0.001
0.078	0.313	0.531	0.078
0.078	0.157	0.087	0.678
0.087	0.156	0.756	0.001
0.990	0.001	0.008	0.001
0.826	0.087	0.009	0.078
0.834	0.078	0.001	0.087
0.997	0.001	0.001	0.001
>CGCTGGAGAA	4-CGCTGGAGAA	10.911969	-23.343297	0	T:9.0(5.33%),B:1.0(0.19%),P:1e-10	Tpos:65.1,Tstd:30.6,Bpos:41.0,Bstd:0.0,StrandBias:0.6,Multiplicity:1.11
0.001	0.865	0.001	0.133
0.330	0.001	0.535	0.134
0.001	0.997	0.001	0.001
0.001	0.001	0.001	0.997
0.001	0.001	0.997	0.001
0.001	0.001	0.997	0.001
0.997	0.001	0.001	0.001
0.001	0.001	0.997	0.001
0.865	0.001	0.133	0.001
0.865	0.001	0.133	0.001
>AGCTTCTVTC	5-AGCTTCTVTC	7.668650	-22.541994	0	T:15.0(8.88%),B:5.0(0.97%),P:1e-9	Tpos:53.8,Tstd:23.5,Bpos:60.3,Bstd:10.7,StrandBias:1.0,Multiplicity:1.07
0.771	0.114	0.114	0.001
0.001	0.341	0.657	0.001
0.001	0.997	0.001	0.001
0.001	0.114	0.114	0.771
0.114	0.001	0.114	0.771
0.001	0.997	0.001	0.001
0.001	0.001	0.001	0.997
0.374	0.342	0.272	0.013
0.001	0.145	0.001	0.853
0.001	0.853	0.145	0.001
>CTTGASCAGT	6-CTTGASCAGT	8.764489	-20.637979	0	T:13.0(7.69%),B:4.0(0.78%),P:1e-8	Tpos:62.5,Tstd:24.6,Bpos:54.8,Bstd:30.0,StrandBias:-0.2,Multiplicity:1.00
0.128	0.870	0.001	0.001
0.021	0.149	0.001	0.829
0.001	0.001	0.001	0.997
0.001	0.128	0.870	0.001
0.849	0.001	0.149	0.001
0.129	0.406	0.337	0.129
0.001	0.997	0.001	0.001
0.997	0.001	0.001	0.001
0.128	0.128	0.743	0.001
0.257	0.021	0.001	0.721
>GACCTGAAGG	7-GACCTGAAGG	8.721226	-16.391313	0	T:10.0(5.92%),B:3.0(0.58%),P:1e-7	Tpos:49.0,Tstd:23.3,Bpos:47.7,Bstd:11.5,StrandBias:1.2,Multiplicity:1.00
0.178	0.001	0.820	0.001
0.761	0.060	0.060	0.119
0.127	0.746	0.067	0.060
0.060	0.701	0.060	0.179
0.118	0.001	0.001	0.880
0.001	0.001	0.997	0.001
0.678	0.187	0.127	0.008
0.881	0.001	0.059	0.059
0.118	0.001	0.880	0.001
0.060	0.060	0.701	0.179
>CTCAGCAAAG	8-CTCAGCAAAG	8.609640	-15.929003	0	T:13.0(7.69%),B:6.0(1.16%),P:1e-6	Tpos:43.1,Tstd:22.8,Bpos:50.2,Bstd:21.0,StrandBias:-1.3,Multiplicity:1.08
0.203	0.603	0.101	0.093
0.116	0.101	0.001	0.782
0.001	0.807	0.100	0.092
0.992	0.001	0.001	0.006
0.001	0.099	0.899	0.001
0.200	0.607	0.093	0.100
0.813	0.001	0.185	0.001
0.798	0.092	0.109	0.001
0.790	0.001	0.001	0.208
0.001	0.006	0.992	0.001
