>CACTAGAA	1-CACTAGAA	8.249882	-22.541994	0	T:15.0(8.88%),B:5.0(0.97%),P:1e-9	Tpos:52.1,Tstd:26.5,Bpos:61.0,Bstd:25.3,StrandBias:-0.4,Multiplicity:1.07
0.001	0.997	0.001	0.001
0.997	0.001	0.001	0.001
0.001	0.997	0.001	0.001
0.208	0.001	0.001	0.790
0.835	0.001	0.163	0.001
0.001	0.208	0.790	0.001
0.997	0.001	0.001	0.001
0.581	0.209	0.001	0.209
>ACAATCCA	2-ACAATCCA	6.360115	-22.222372	0	T:18.0(10.65%),B:8.0(1.55%),P:1e-9	Tpos:35.9,Tstd:26.3,Bpos:49.6,Bstd:30.0,StrandBias:0.2,Multiplicity:1.06
0.639	0.001	0.001	0.359
0.001	0.997	0.001	0.001
0.841	0.001	0.157	0.001
0.997	0.001	0.001	0.001
0.001	0.001	0.271	0.727
0.113	0.885	0.001	0.001
0.001	0.997	0.001	0.001
0.639	0.001	0.001	0.359
>CACCTGCT	3-CACCTGCT	8.229397	-18.269391	0	T:12.0(7.10%),B:4.0(0.78%),P:1e-7	Tpos:58.1,Tstd:31.4,Bpos:54.0,Bstd:10.0,StrandBias:0.0,Multiplicity:1.17
0.264	0.471	0.264	0.001
0.997	0.001	0.001	0.001
0.001	0.997	0.001	0.001
0.001	0.997	0.001	0.001
0.168	0.001	0.001	0.830
0.001	0.001	0.997	0.001
0.264	0.734	0.001	0.001
0.001	0.001	0.001	0.997
>CCCCTTAC	4-CCCCTTAC	5.273001	-18.262369	0	T:55.0(32.54%),B:78.0(15.12%),P:1e-7	Tpos:46.5,Tstd:26.0,Bpos:55.3,Bstd:27.6,StrandBias:0.2,Multiplicity:1.20
0.120	0.744	0.046	0.090
0.066	0.703	0.015	0.216
0.045	0.829	0.030	0.096
0.031	0.831	0.030	0.108
0.060	0.151	0.030	0.759
0.081	0.132	0.045	0.742
0.664	0.107	0.051	0.178
0.111	0.738	0.097	0.054
>TGATACGT	5-TGATACGT	8.028033	-17.383553	0	T:9.0(5.33%),B:2.0(0.39%),P:1e-7	Tpos:47.5,Tstd:27.2,Bpos:80.5,Bstd:16.5,StrandBias:-1.2,Multiplicity:1.00
0.001	0.001	0.001	0.997
0.117	0.001	0.881	0.001
0.590	0.291	0.118	0.001
0.001	0.001	0.001	0.997
0.997	0.001	0.001	0.001
0.001	0.881	0.001	0.117
0.001	0.001	0.881	0.117
0.001	0.001	0.117	0.881
>TGAAGGAT	6-TGAAGGAT	8.155216	-16.391313	0	T:10.0(5.92%),B:3.0(0.58%),P:1e-7	Tpos:59.3,Tstd:26.2,Bpos:28.3,Bstd:28.3,StrandBias:2.2,Multiplicity:1.10
0.001	0.001	0.001	0.997
0.001	0.001	0.997	0.001
0.924	0.001	0.001	0.074
0.851	0.001	0.074	0.074
0.074	0.001	0.924	0.001
0.001	0.001	0.924	0.074
0.997	0.001	0.001	0.001
0.001	0.001	0.001	0.997
>TCTGTGCT	7-TCTGTGCT	8.906499	-11.743213	0	T:8.0(4.73%),B:3.0(0.58%),P:1e-5	Tpos:66.2,Tstd:18.9,Bpos:77.3,Bstd:12.5,StrandBias:0.0,Multiplicity:1.00
0.001	0.001	0.001	0.997
0.001	0.997	0.001	0.001
0.001	0.001	0.001	0.997
0.001	0.001	0.997	0.001
0.001	0.001	0.001	0.997
0.001	0.001	0.997	0.001
0.001	0.997	0.001	0.001
0.001	0.001	0.115	0.883
>GAGGAGGA	8-GAGGAGGA	7.229308	-10.258537	0	T:19.0(11.24%),B:20.0(3.88%),P:1e-4	Tpos:39.8,Tstd:29.1,Bpos:47.2,Bstd:28.9,StrandBias:-0.6,Multiplicity:1.20
0.001	0.001	0.997	0.001
0.997	0.001	0.001	0.001
0.001	0.001	0.997	0.001
0.001	0.001	0.997	0.001
0.937	0.001	0.061	0.001
0.001	0.001	0.997	0.001
0.001	0.151	0.847	0.001
0.696	0.001	0.151	0.152
