>CDGAAVAGGTGT	1-CDGAAVAGGTGT	9.939242	-13.360878	0	T:4.0(66.67%),B:7.0(1.81%),P:1e-5	Tpos:51.0,Tstd:13.5,Bpos:53.7,Bstd:31.8,StrandBias:1.6,Multiplicity:1.00
0.001	0.690	0.001	0.308
0.382	0.001	0.308	0.308
0.001	0.001	0.997	0.001
0.690	0.001	0.308	0.001
0.616	0.001	0.382	0.001
0.308	0.382	0.308	0.001
0.997	0.001	0.001	0.001
0.382	0.001	0.616	0.001
0.001	0.001	0.997	0.001
0.308	0.001	0.001	0.690
0.001	0.001	0.997	0.001
0.001	0.001	0.308	0.690
>CTTTGYCAGTAG	2-CTTTGYCAGTAG	6.488916	-8.541540	0	T:5.0(83.33%),B:50.0(12.95%),P:1e-3	Tpos:60.0,Tstd:21.7,Bpos:49.3,Bstd:25.4,StrandBias:0.0,Multiplicity:1.60
0.001	0.673	0.006	0.320
0.001	0.160	0.160	0.679
0.001	0.191	0.320	0.488
0.001	0.001	0.159	0.839
0.160	0.160	0.520	0.160
0.001	0.357	0.160	0.482
0.001	0.997	0.001	0.001
0.678	0.001	0.001	0.320
0.160	0.320	0.519	0.001
0.001	0.001	0.001	0.997
0.488	0.321	0.031	0.160
0.160	0.160	0.679	0.001
>CTGCAGGDTCCC	3-CTGCAGGDTCCC	6.709199	-4.580115	0	T:3.0(50.00%),B:33.0(8.55%),P:1e-1	Tpos:40.9,Tstd:37.0,Bpos:47.1,Bstd:28.0,StrandBias:-0.4,Multiplicity:2.00
0.001	0.678	0.001	0.320
0.001	0.001	0.159	0.839
0.160	0.191	0.648	0.001
0.001	0.839	0.159	0.001
0.839	0.159	0.001	0.001
0.001	0.001	0.997	0.001
0.160	0.160	0.481	0.199
0.320	0.001	0.359	0.320
0.160	0.031	0.001	0.808
0.159	0.839	0.001	0.001
0.320	0.519	0.160	0.001
0.160	0.488	0.160	0.191
>CTCTACTGGCAA	4-CTCTACTGGCAA	12.355432	-4.170553	0	T:1.0(16.67%),B:1.0(0.26%),P:1e-1	Tpos:61.0,Tstd:0.0,Bpos:0.0,Bstd:0.0,StrandBias:-10.0,Multiplicity:1.00
0.100	0.700	0.100	0.100
0.100	0.100	0.100	0.700
0.100	0.700	0.100	0.100
0.100	0.100	0.100	0.700
0.700	0.100	0.100	0.100
0.100	0.700	0.100	0.100
0.100	0.100	0.100	0.700
0.100	0.100	0.700	0.100
0.100	0.100	0.700	0.100
0.100	0.700	0.100	0.100
0.700	0.100	0.100	0.100
0.700	0.100	0.100	0.100
>STYKWCTSATRY	5-STYKWCTSATRY	11.496857	-4.170553	0	T:1.0(16.67%),B:0.0(0.00%),P:1e-1	Tpos:66.5,Tstd:9.5,Bpos:0.0,Bstd:0.0,StrandBias:0.0,Multiplicity:2.00
0.106	0.446	0.446	0.001
0.001	0.001	0.001	0.997
0.001	0.446	0.001	0.552
0.001	0.001	0.552	0.446
0.446	0.001	0.001	0.552
0.001	0.892	0.106	0.001
0.001	0.001	0.001	0.997
0.001	0.446	0.552	0.001
0.997	0.001	0.001	0.001
0.001	0.001	0.001	0.997
0.552	0.001	0.446	0.001
0.001	0.446	0.001	0.552
