>ACCTGAAD	1-ACCTGAAD	6.208302	-17.003018	0	T:145.0(17.68%),B:12069.0(11.29%),P:1e-7	Tpos:51.7,Tstd:27.5,Bpos:51.8,Bstd:27.4,StrandBias:-0.4,Multiplicity:1.08
0.605	0.393	0.001	0.001
0.065	0.933	0.001	0.001
0.149	0.685	0.001	0.165
0.287	0.001	0.001	0.711
0.122	0.001	0.630	0.247
0.997	0.001	0.001	0.001
0.732	0.266	0.001	0.001
0.310	0.001	0.310	0.379
>GAGCTTCG	2-GAGCTTCG	6.569472	-13.137125	0	T:24.0(2.93%),B:1013.0(0.95%),P:1e-5	Tpos:50.6,Tstd:25.7,Bpos:47.5,Bstd:26.6,StrandBias:-0.2,Multiplicity:1.00
0.001	0.001	0.997	0.001
0.992	0.001	0.006	0.001
0.001	0.160	0.735	0.104
0.175	0.797	0.027	0.001
0.001	0.001	0.001	0.997
0.135	0.024	0.095	0.746
0.001	0.829	0.071	0.099
0.001	0.099	0.899	0.001
>GAGAGGGC	3-GAGAGGGC	5.195095	-12.366540	0	T:211.0(25.73%),B:20645.0(19.32%),P:1e-5	Tpos:49.0,Tstd:27.5,Bpos:51.2,Bstd:26.7,StrandBias:0.1,Multiplicity:1.21
0.056	0.071	0.828	0.045
0.727	0.049	0.096	0.128
0.066	0.064	0.790	0.080
0.812	0.039	0.095	0.054
0.167	0.134	0.575	0.124
0.127	0.088	0.726	0.059
0.105	0.066	0.773	0.056
0.090	0.782	0.054	0.074
>GTGHCGTC	4-GTGHCGTC	7.084953	-10.648925	0	T:11.0(1.34%),B:294.0(0.28%),P:1e-4	Tpos:60.8,Tstd:25.7,Bpos:54.7,Bstd:27.7,StrandBias:1.4,Multiplicity:1.00
0.202	0.080	0.654	0.064
0.001	0.012	0.126	0.861
0.028	0.001	0.949	0.022
0.231	0.379	0.099	0.292
0.088	0.774	0.003	0.135
0.062	0.026	0.666	0.246
0.005	0.379	0.001	0.615
0.001	0.997	0.001	0.001
>CCCTWGSA	5-CCCTWGSA	8.498899	-9.235874	0	T:20.0(2.44%),B:975.0(0.91%),P:1e-4	Tpos:50.0,Tstd:25.0,Bpos:47.7,Bstd:27.1,StrandBias:-1.2,Multiplicity:1.00
0.001	0.944	0.001	0.054
0.057	0.941	0.001	0.001
0.001	0.997	0.001	0.001
0.001	0.337	0.001	0.661
0.504	0.001	0.001	0.494
0.001	0.001	0.997	0.001
0.001	0.497	0.501	0.001
0.997	0.001	0.001	0.001
