>TCACCATTCCTA	1-TCACCATTCCTA	14.881092	-14.397244	0	T:4.0(0.49%),B:8.0(0.01%),P:1e-6	Tpos:36.0,Tstd:5.7,Bpos:54.1,Bstd:25.0,StrandBias:10.0,Multiplicity:1.00
0.001	0.001	0.001	0.997
0.001	0.997	0.001	0.001
0.997	0.001	0.001	0.001
0.001	0.997	0.001	0.001
0.001	0.997	0.001	0.001
0.997	0.001	0.001	0.001
0.001	0.001	0.001	0.997
0.001	0.001	0.279	0.719
0.001	0.997	0.001	0.001
0.001	0.997	0.001	0.001
0.001	0.001	0.001	0.997
0.639	0.001	0.359	0.001
>ATTAAAAGATGG	2-ATTAAAAGATGG	9.746505	-10.508390	0	T:20.0(2.44%),B:887.0(0.83%),P:1e-4	Tpos:37.1,Tstd:17.4,Bpos:33.7,Bstd:10.9,StrandBias:2.0,Multiplicity:1.00
0.997	0.001	0.001	0.001
0.014	0.001	0.001	0.984
0.337	0.001	0.001	0.661
0.997	0.001	0.001	0.001
0.997	0.001	0.001	0.001
0.755	0.001	0.001	0.243
0.705	0.001	0.293	0.001
0.001	0.001	0.997	0.001
0.997	0.001	0.001	0.001
0.001	0.001	0.001	0.997
0.001	0.001	0.997	0.001
0.001	0.001	0.997	0.001
>TGGYCATTTTRT	3-TGGYCATTTTRT	10.314124	-9.385448	0	T:20.0(2.44%),B:964.0(0.90%),P:1e-4	Tpos:57.1,Tstd:26.0,Bpos:56.4,Bstd:26.9,StrandBias:-0.3,Multiplicity:1.00
0.001	0.001	0.001	0.997
0.001	0.001	0.628	0.370
0.001	0.086	0.912	0.001
0.001	0.509	0.116	0.374
0.001	0.507	0.335	0.157
0.710	0.001	0.001	0.288
0.001	0.001	0.001	0.997
0.001	0.183	0.131	0.685
0.375	0.001	0.001	0.623
0.131	0.001	0.001	0.867
0.338	0.001	0.478	0.183
0.001	0.004	0.376	0.619
>TGTTTGTTTGTT	4-TGTTTGTTTGTT	-7.105544	-6.693597	0	T:450.0(54.88%),B:52947.0(49.54%),P:1e-2	Tpos:49.9,Tstd:26.9,Bpos:49.6,Bstd:26.4,StrandBias:-0.0,Multiplicity:1.39
0.001	0.001	0.001	0.997
0.001	0.169	0.653	0.177
0.001	0.001	0.001	0.997
0.001	0.001	0.001	0.997
0.001	0.001	0.001	0.997
0.001	0.001	0.896	0.102
0.001	0.001	0.001	0.997
0.001	0.001	0.001	0.997
0.169	0.001	0.001	0.829
0.001	0.001	0.684	0.314
0.001	0.001	0.001	0.997
0.001	0.001	0.001	0.997
>TGATCAACTTGA	5-TGATCAACTTGA	5.768531	-5.326136	0	T:113.0(13.78%),B:11573.0(10.83%),P:1e-2	Tpos:49.3,Tstd:25.4,Bpos:49.3,Bstd:26.1,StrandBias:0.1,Multiplicity:1.05
0.165	0.026	0.094	0.715
0.059	0.153	0.720	0.068
0.810	0.066	0.043	0.081
0.176	0.118	0.083	0.623
0.085	0.697	0.131	0.087
0.748	0.149	0.032	0.071
0.644	0.108	0.067	0.181
0.202	0.516	0.068	0.214
0.183	0.176	0.025	0.616
0.162	0.111	0.038	0.689
0.122	0.115	0.600	0.163
0.627	0.078	0.109	0.186
