>ADGGATGBGACA	1-ADGGATGBGACA	7.875726	-19.358072	0	T:9.0(8.18%),B:57.0(0.48%),P:1e-8	Tpos:55.9,Tstd:22.3,Bpos:49.9,Bstd:23.7,StrandBias:-0.3,Multiplicity:1.00
0.997	0.001	0.001	0.001
0.377	0.001	0.311	0.311
0.001	0.001	0.997	0.001
0.001	0.001	0.997	0.001
0.688	0.001	0.310	0.001
0.331	0.001	0.001	0.667
0.001	0.001	0.997	0.001
0.001	0.311	0.377	0.311
0.376	0.001	0.622	0.001
0.642	0.001	0.356	0.001
0.331	0.667	0.001	0.001
0.953	0.045	0.001	0.001
>GGCTGGAGTGAT	2-GGCTGGAGTGAT	-0.501890	-15.408518	0	T:14.0(12.73%),B:268.0(2.25%),P:1e-6	Tpos:57.5,Tstd:29.3,Bpos:51.5,Bstd:24.8,StrandBias:-0.7,Multiplicity:1.29
0.265	0.001	0.680	0.054
0.001	0.001	0.997	0.001
0.001	0.997	0.001	0.001
0.001	0.001	0.001	0.997
0.001	0.001	0.728	0.270
0.001	0.316	0.682	0.001
0.993	0.001	0.001	0.005
0.309	0.001	0.689	0.001
0.001	0.001	0.320	0.678
0.316	0.001	0.682	0.001
0.997	0.001	0.001	0.001
0.004	0.001	0.001	0.994
>TTGTATSTTGCC	3-TTGTATSTTGCC	7.223244	-11.411814	0	T:16.0(14.55%),B:488.0(4.09%),P:1e-4	Tpos:50.6,Tstd:29.1,Bpos:49.7,Bstd:27.2,StrandBias:-1.6,Multiplicity:1.00
0.104	0.042	0.186	0.668
0.171	0.001	0.062	0.766
0.113	0.048	0.567	0.272
0.003	0.107	0.019	0.871
0.645	0.186	0.023	0.146
0.062	0.001	0.062	0.875
0.088	0.421	0.382	0.109
0.109	0.156	0.062	0.673
0.109	0.001	0.158	0.732
0.124	0.226	0.413	0.236
0.144	0.716	0.062	0.078
0.124	0.663	0.028	0.185
>AGGCATGCGTGC	4-AGGCATGCGTGC	14.962502	-6.885364	0	T:2.0(1.82%),B:5.0(0.04%),P:1e-2	Tpos:48.0,Tstd:25.0,Bpos:41.3,Bstd:23.5,StrandBias:0.6,Multiplicity:2.50
0.997	0.001	0.001	0.001
0.001	0.001	0.700	0.298
0.001	0.001	0.997	0.001
0.001	0.997	0.001	0.001
0.997	0.001	0.001	0.001
0.001	0.001	0.001	0.997
0.001	0.001	0.997	0.001
0.001	0.649	0.001	0.349
0.001	0.001	0.997	0.001
0.001	0.001	0.001	0.997
0.001	0.001	0.997	0.001
0.001	0.997	0.001	0.001
>TCATGCATACAC	5-TCATGCATACAC	14.448525	-6.624584	0	T:3.0(2.73%),B:23.0(0.19%),P:1e-2	Tpos:49.7,Tstd:19.1,Bpos:49.2,Bstd:27.8,StrandBias:-1.0,Multiplicity:1.00
0.134	0.001	0.100	0.765
0.001	0.997	0.001	0.001
0.997	0.001	0.001	0.001
0.001	0.001	0.001	0.997
0.001	0.001	0.997	0.001
0.001	0.755	0.001	0.243
0.997	0.001	0.001	0.001
0.001	0.121	0.001	0.877
0.771	0.001	0.227	0.001
0.001	0.997	0.001	0.001
0.997	0.001	0.001	0.001
0.001	0.997	0.001	0.001
