>GYAATCAG	1-GYAATCAG	7.695635	-16.708538	0	T:7.0(6.36%),B:36.0(0.30%),P:1e-7	Tpos:52.9,Tstd:29.7,Bpos:57.8,Bstd:25.8,StrandBias:0.4,Multiplicity:1.00
0.106	0.001	0.892	0.001
0.001	0.540	0.001	0.458
0.997	0.001	0.001	0.001
0.595	0.403	0.001	0.001
0.001	0.001	0.001	0.997
0.001	0.997	0.001	0.001
0.997	0.001	0.001	0.001
0.001	0.001	0.997	0.001
>AMAGCTGG	2-AMAGCTGG	7.397312	-11.641720	0	T:12.0(10.91%),B:272.0(2.28%),P:1e-5	Tpos:38.4,Tstd:21.9,Bpos:49.4,Bstd:28.3,StrandBias:0.4,Multiplicity:1.17
0.997	0.001	0.001	0.001
0.454	0.544	0.001	0.001
0.738	0.243	0.001	0.018
0.313	0.001	0.685	0.001
0.001	0.997	0.001	0.001
0.022	0.249	0.001	0.728
0.001	0.001	0.997	0.001
0.001	0.164	0.834	0.001
>CTTCCACG	3-CTTCCACG	8.273660	-9.861348	0	T:9.0(8.18%),B:182.0(1.53%),P:1e-4	Tpos:60.4,Tstd:22.0,Bpos:49.5,Bstd:26.7,StrandBias:-0.3,Multiplicity:1.22
0.001	0.997	0.001	0.001
0.155	0.075	0.001	0.769
0.001	0.001	0.001	0.997
0.249	0.630	0.120	0.001
0.001	0.997	0.001	0.001
0.997	0.001	0.001	0.001
0.001	0.703	0.162	0.134
0.065	0.001	0.933	0.001
>CAAACACA	4-CAAACACA	8.579063	-5.550510	0	T:9.0(8.18%),B:334.0(2.80%),P:1e-2	Tpos:53.3,Tstd:27.2,Bpos:50.3,Bstd:26.7,StrandBias:-0.7,Multiplicity:1.44
0.001	0.890	0.001	0.108
0.997	0.001	0.001	0.001
0.997	0.001	0.001	0.001
0.798	0.200	0.001	0.001
0.001	0.956	0.001	0.042
0.997	0.001	0.001	0.001
0.001	0.997	0.001	0.001
0.997	0.001	0.001	0.001
>CTACCCAT	5-CTACCCAT	8.946913	-4.401356	0	T:2.0(1.82%),B:18.0(0.15%),P:1e-1	Tpos:63.3,Tstd:28.6,Bpos:52.9,Bstd:23.9,StrandBias:-10.0,Multiplicity:3.00
0.001	0.997	0.001	0.001
0.001	0.001	0.173	0.825
0.789	0.001	0.001	0.209
0.001	0.997	0.001	0.001
0.001	0.872	0.001	0.126
0.001	0.997	0.001	0.001
0.997	0.001	0.001	0.001
0.001	0.001	0.001	0.997
